,cs1-2all.mid,cs1-3cou.mid,cs3-1pre.mid,cs3-2all.mid,cs3-3cou.mid,cs3-5bou.mid,cs3-6gig.mid,bwv807b.mid,bwv807c.mid,bwv807e.mid,cs1-2all_transp_12.mid,cs1-3cou_transp_12.mid,cs3-1pre_transp_12.mid,cs3-2all_transp_12.mid,cs3-3cou_transp_12.mid,cs3-5bou_transp_12.mid,cs3-6gig_transp_12.mid,bwv807b_transp_12.mid,bwv807c_transp_12.mid,bwv807e_transp_12.mid,cs1-2all_transp_21.mid,cs1-3cou_transp_21.mid,cs3-1pre_transp_21.mid,cs3-2all_transp_21.mid,cs3-3cou_transp_21.mid,cs3-5bou_transp_21.mid,cs3-6gig_transp_21.mid,bwv807b_transp_21.mid,bwv807c_transp_21.mid,bwv807e_transp_21.mid,cs1-2all_transp_6.mid,cs1-3cou_transp_6.mid,cs3-1pre_transp_6.mid,cs3-2all_transp_6.mid,cs3-3cou_transp_6.mid,cs3-5bou_transp_6.mid,cs3-6gig_transp_6.mid,bwv807b_transp_6.mid,bwv807c_transp_6.mid,bwv807e_transp_6.mid,cs1-2all_transp_15.mid,cs1-3cou_transp_15.mid,cs3-1pre_transp_15.mid,cs3-2all_transp_15.mid,cs3-3cou_transp_15.mid,cs3-5bou_transp_15.mid,cs3-6gig_transp_15.mid,bwv807b_transp_15.mid,bwv807c_transp_15.mid,bwv807e_transp_15.mid,cs1-2all_transp_19.mid,cs1-3cou_transp_19.mid,cs3-1pre_transp_19.mid,cs3-2all_transp_19.mid,cs3-3cou_transp_19.mid,cs3-5bou_transp_19.mid,cs3-6gig_transp_19.mid,bwv807b_transp_19.mid,bwv807c_transp_19.mid,bwv807e_transp_19.mid,cs1-2all_transp_1.mid,cs1-3cou_transp_1.mid,cs3-1pre_transp_1.mid,cs3-2all_transp_1.mid,cs3-3cou_transp_1.mid,cs3-5bou_transp_1.mid,cs3-6gig_transp_1.mid,bwv807b_transp_1.mid,bwv807c_transp_1.mid,bwv807e_transp_1.mid,cs1-2all_transp_11.mid,cs1-3cou_transp_11.mid,cs3-1pre_transp_11.mid,cs3-2all_transp_11.mid,cs3-3cou_transp_11.mid,cs3-5bou_transp_11.mid,cs3-6gig_transp_11.mid,bwv807b_transp_11.mid,bwv807c_transp_11.mid,bwv807e_transp_11.mid,cs1-2all_transp_4.mid,cs1-3cou_transp_4.mid,cs3-1pre_transp_4.mid,cs3-2all_transp_4.mid,cs3-3cou_transp_4.mid,cs3-5bou_transp_4.mid,cs3-6gig_transp_4.mid,bwv807b_transp_4.mid,bwv807c_transp_4.mid,bwv807e_transp_4.mid,cs1-2all_transp_14.mid,cs1-3cou_transp_14.mid,cs3-1pre_transp_14.mid,cs3-2all_transp_14.mid,cs3-3cou_transp_14.mid,cs3-5bou_transp_14.mid,cs3-6gig_transp_14.mid,bwv807b_transp_14.mid,bwv807c_transp_14.mid,bwv807e_transp_14.mid,cs1-2all_transp_18.mid,cs1-3cou_transp_18.mid,cs3-1pre_transp_18.mid,cs3-2all_transp_18.mid,cs3-3cou_transp_18.mid,cs3-5bou_transp_18.mid,cs3-6gig_transp_18.mid,bwv807b_transp_18.mid,bwv807c_transp_18.mid,bwv807e_transp_18.mid
cs1-2all.mid,0.0,1.4229330212667155,1.0245600166327722,0.45768868618401104,0.9364662029749393,0.7908930261365308,0.9342837451088966,1.1258204028716747,3.933842913201352,0.6366864890682258,0.1292793415545379,1.869929845516467,0.9835674954029083,0.4746730091762199,0.57086833188847,0.7610993760517903,0.45275984030228633,1.2644286144288688,4.034231299225601,0.8123818637554812,0.38296773408890594,1.3686355516318933,1.0659847384240564,0.3661328999918978,0.3333565045581919,0.7779529327012904,0.3968241249557658,1.437867047587455,4.091580120763451,1.3428719202458868,0.4896954007874359,2.2233313258560363,0.6767676919273433,0.49110661937998934,0.5463559072786315,0.8698852619601847,0.7631453456611665,1.3551529746108062,3.8836886260900583,2.4911907234241095,0.4179281324838726,2.275551909827115,1.2358765327567127,0.4324055716874038,0.7577512133856819,0.7320328426564742,1.04158399745832,1.2726523483117567,3.9702860590667717,0.8248247298956781,0.1519045172285114,1.4920816679047593,1.1631459678387444,0.6663640433402094,0.3853694622673314,0.7282387394059735,0.6979168532782212,1.1729125717388285,4.1034335640164645,0.9210945749611352,0.4337586165591163,1.886291332195094,1.1010564636710187,0.48683482123095345,0.6061753175874696,0.7539267009006698,1.1315624993634485,1.182183665488095,3.8872119836101273,0.6627275465090339,0.7194836654194683,1.9854582897046105,1.1124685164413104,0.4649480188283066,0.9468298272232487,0.8035984903697018,0.6278422405541639,1.4712685980408238,3.8317785488796625,1.2575364031899912,0.3776046022228896,1.8859578364890068,1.0535723023114514,0.48549187439188346,0.3525981161037932,0.773006911409202,0.8148865383824271,1.7037257683380544,3.9598824842342797,0.7706853670601443,0.8309959194204048,1.4170755249483329,1.0839540684349758,0.4342997046386943,0.8247767338232768,1.5706060115092222,0.6673789856701413,1.186715359197748,3.96522689831769,1.1583969579649005,0.7001552857955864,1.5408432850788807,1.1096995261213989,0.49429173258082537,0.47557501737163665,0.7423580216221164,0.7744189275542204,1.6806569209287257,4.197038904171164,0.6461649653737012
cs1-3cou.mid,1.4229330212667155,0.0,2.4267455408972056,1.8498028881815665,1.3150896170343511,1.5659480201576534,1.4392117826403,1.5032861559049335,2.9621821605157974,2.0182476223833064,1.4201855935541108,0.7015983837389967,2.3857530196673418,1.8768585334406538,1.3207687220908948,1.5600833675318446,1.8500265297550045,1.0971499251641768,3.1629589325642957,1.0273923640441889,1.662121750299601,0.4808362809027038,2.4466554966921636,1.7683184242563317,1.5027999791601014,1.5582419979613764,1.6597218000510177,0.9480793778692851,3.2776565756399965,1.102983398010298,1.8918809250518698,0.8818540278743745,2.0789532161917768,1.8932921436444232,1.4385581208463125,1.3416550891980834,2.044762908862313,1.0013952135680677,2.8618735862932088,1.0990765214265545,1.6013827740797835,0.8741397327193416,2.4466554966921636,1.8345910959518377,1.3039021199993575,1.5914675746008617,1.4206224976496538,1.5085918365627622,3.0350684522466356,1.5439460901903477,1.4243554439729538,0.380412579185855,2.4466554966921636,2.0685495676046433,1.7875549865317653,1.484671978228795,2.1001023775426546,1.28931356287158,3.3013634621460213,1.6281181068285404,1.6874763330692177,0.8420595991081568,2.4466554966921636,1.8886744225406078,1.3389523430288515,1.4218627994488235,2.079626638344582,1.1038309804724191,2.8689203013333477,1.6518339121049301,2.121669189683902,0.5923766938163846,2.4466554966921636,1.780099676310119,1.334867231739576,1.4516757288013684,2.0300277648185974,1.0176296945528653,2.7580534318724172,1.3229631374293298,1.4957793035311235,0.5598285732367039,2.4466554966921636,1.8719893470650728,1.6454432111099973,1.555336851454069,2.217072062646861,1.3094261793724766,3.0142613025816516,1.5262971500529465,2.2331814436848383,0.3389384664272117,2.4466554966921636,1.8364852289031282,1.294546368704936,1.5039366873605804,2.069564509934575,1.097757314457175,3.024950130748473,1.2549118411385245,2.10234081006002,0.37289074723594284,2.4466554966921636,1.8964772568452593,1.376950197693085,1.4682111398592683,2.176604451818654,0.9945471141208069,3.4885741424554215,1.4133400482723406
cs3-1pre.mid,1.0245600166327722,2.4267455408972056,0.0,0.5779717778538878,1.1663320238819486,1.0543476393006976,1.6824016809243485,1.4405783134964198,3.933842913201352,1.3970364767079424,1.0065599473430953,2.552340456188758,0.25143488876361153,0.6119065051070656,1.1059768188063113,1.0245539892159572,1.2008777761177383,1.621179893254292,4.034231299225601,1.560499799570933,0.8158094852153699,2.200359211298471,0.3577456030586257,0.6584271166408744,1.0814744403736438,1.0414075458654573,1.1449420607712177,2.178419913032428,4.091580120763451,2.0909898560613387,0.6971540105240592,2.476505111441643,0.37084753554435457,0.537928976764048,0.9881874200508936,1.2722001293430232,1.5112632814766185,1.8529528618864974,3.8836886260900583,3.0022900936567307,0.8808360135941231,2.4950459244861456,0.4284532906255687,0.6964165310470589,1.5058691492011338,1.1271906735054253,1.789701933273772,1.5736545309096432,3.9702860590667717,1.57294266571113,1.0023900969242523,2.370150346195431,0.2802684118385417,0.38799491680899045,1.1232547200892218,0.9581045603129827,1.1599363071305513,1.5640440214141744,4.1034335640164645,1.4375513367287933,0.8582081120181133,2.366895212539881,0.3410951466104062,0.6297373537312645,1.0877931978683546,1.156490649612362,1.8796804351789005,1.634839174708656,3.8872119836101273,1.299381119085937,0.5142335450856106,2.3768264093750284,0.29396361008604277,0.7284026319924735,1.285164987121652,1.033464311276711,1.3065089035099442,2.1419545430340365,3.8317785488796625,2.005654339005443,1.1257225380383415,2.3314542589719034,0.3681227809371044,0.6225441478914158,0.9005605758676172,1.3428317624775863,1.2158097720569412,2.4518437041535064,3.9598824842342797,1.1580386786744525,0.7049371978437811,2.3375910888072227,0.49172265525370884,0.6516184774746419,1.1321991721922702,2.318723947324674,1.1807844406641386,1.7343520169799387,3.96522689831769,1.9065148937803524,0.7203732676380681,2.3456033305594106,0.4633401056794879,0.5607902104266191,1.0497953432041212,0.9722238425291256,1.5019669317622597,2.4287748567441776,4.197038904171164,1.3749354003551373
cs3-2all.mid,0.45768868618401104,1.8498028881815665,0.5779717778538878,0.0,0.9686739214424733,0.7858652213812656,1.3919724312929076,1.098356186145515,3.933842913201352,1.060322769263697,0.5002792777872478,2.2619112065573166,0.6175217838453491,0.30326858816067714,0.6366670468680784,0.8150765274012368,0.9104485264862974,1.2714858828177622,4.034231299225601,1.2700705499394922,0.5188223802491563,1.7847865101294826,0.6893655557508183,0.24599904090651048,0.7910451907422029,0.8351157433352245,0.8545128111397768,1.8879906634009873,4.091580120763451,1.8005606064298978,0.4031474007685567,2.2555390443235703,0.27100947164495537,0.3383576481830759,0.5785636257461655,0.9817708797115823,1.2208340318451776,1.5574593824831058,3.8836886260900583,2.9488794096081206,0.5904067639626822,2.307759628294649,0.8097000077883991,0.44326890501773164,1.215439899569693,0.8367614238739844,1.4992726836423311,1.27970961670065,3.9702860590667717,1.2825134160796892,0.4406876531602726,1.9497703540887703,0.7816735217668431,0.4194012248517054,0.8328254704577809,0.7604464578735075,0.8695070574991104,1.148975906019448,4.1034335640164645,1.1471220870973524,0.5677788623866724,1.9410216183648674,0.739290263563587,0.2948663039424253,0.6827522946644349,0.866061399980921,1.5892511855474596,1.344409925077215,3.8872119836101273,0.9911782281982799,0.3632472055214486,2.017666008172144,0.7776771005360885,0.4602867789720779,0.994735737490211,0.8358062088372358,1.0160796538785033,1.6577074021573819,3.8317785488796625,1.7152250893740022,0.8352932884069006,1.9181655549565408,0.7625688007380051,0.27650520908920573,0.5680899971469802,1.0524025128461454,0.9253805224255003,2.161414454522065,3.9598824842342797,0.8392674477241577,0.44726292670888723,1.774585868581831,0.644873129751661,0.16035268514916323,0.8569844522908108,2.028294697693233,0.8903551910326977,1.4439227673484978,3.96522689831769,1.6160856441489115,0.3955544813047669,1.9663018582664704,0.8270130740034345,0.2881701830319039,0.543786194691358,0.7745657400896504,1.2115376821308188,2.1383456071127362,4.197038904171164,1.0845061507236964
cs3-3cou.mid,0.9364662029749393,1.3150896170343511,1.1663320238819486,0.9686739214424733,0.0,0.6859293555208605,0.8515626945331234,1.0112407811741897,3.933842913201352,0.7196732987595937,0.9158345875364944,1.7215014697975328,1.1683751475536122,0.6888194992506071,0.4659046612727997,0.6561357054361201,0.8606654393629753,1.2276207673433412,4.034231299225601,0.729660813179708,0.7907222423852889,1.2443767733696984,1.1695959390647772,0.9216281519142124,0.8206420221390771,0.6729892620856202,0.9856714759867331,1.347580926641203,4.091580120763451,1.2601508696701136,0.8045337756839319,1.4311731069010363,0.795484488337594,0.6303162732593974,0.39011029569630784,0.7644219710239439,0.7461885852386003,1.096152178937777,3.8836886260900583,2.4084696728483364,0.5185380704910667,1.6642069380949205,1.3394877333974335,0.5360167723281246,0.6750301628099087,0.6270691720408039,0.9588629468825469,1.2358445012262291,3.9702860590667717,0.7878090245773379,0.8195116002893705,1.409360617328986,1.2667571684794652,0.9362114946595148,0.7303857239125704,0.3365530449185967,0.9484428633480024,1.126016759004481,4.1034335640164645,0.8916630541055595,0.7212263327261503,1.4006118816050832,1.2049725934864832,0.8809393805214278,0.5763331608064899,0.6489630302849996,1.0488414487876754,1.139298845220714,3.8872119836101273,0.6621219990752629,0.8619229546456051,1.6797835399927656,1.2453026795208637,0.5083871424703954,0.7486606535472045,0.6600659751729583,0.7314534411948848,1.153194413407054,3.8317785488796625,1.174815352614218,0.8594119816079848,1.307639964391861,1.2259640511729066,0.8316710248393906,0.5838680868711461,0.6680432407935317,0.9278144880417725,1.6210047177622813,3.9598824842342797,0.733877519974617,0.9384431877679509,1.3121118543326626,1.1875652690756966,0.973408710620983,0.49879822567442567,1.487884960933449,1.104427438441674,1.1499075121122204,3.96522689831769,1.0756759073891273,0.8037664864363072,1.4258921215066862,1.2910646020225385,0.6805037384105694,0.46089118560330267,0.3408660070700593,1.0130059480021658,1.5979358703529525,4.197038904171164,0.5857999549552289
cs3-5bou.mid,0.7908930261365308,1.5659480201576534,1.0543476393006976,0.7858652213812656,0.6859293555208605,0.0,0.8100515211267956,1.2599000482604539,3.933842913201352,0.8456940694996096,0.763449874100683,1.6650149066442328,1.1038355441948684,0.8086865402807426,0.461838346378898,0.5668393801002298,0.7282288560237635,1.4307168745168104,4.034231299225601,0.927565962704241,0.693013073770631,1.49950971793325,1.0048148755699948,1.0191386044128237,0.6636905770821988,0.26939094779654127,0.8410975809472312,1.556747930474652,4.091580120763451,1.2036643065168136,0.6830316848626103,1.6269254775271818,0.8912852465751575,0.6250435849235436,0.5015542012416803,0.437942834325483,0.6239377319320933,1.387982126932648,3.8836886260900583,2.3519831096950368,0.4990897510609926,1.6250086686387966,1.1036240765982237,0.9196183591584122,0.6185435996566087,0.4439097066381059,0.9023763837292469,1.4979943147958514,3.9702860590667717,1.0096861867300926,0.6703880660615873,1.5367056076989258,1.1373898615271427,0.8353629028828498,0.5666144926100802,0.5522314266413808,0.8682482716738229,1.4049241034286846,4.1034335640164645,1.1757155051931445,0.6071752341774816,1.5195845654583846,1.0548190250306448,0.7404746325454465,0.5458714809990846,0.43403162765133807,0.9923548856343753,1.4046041110882852,3.8872119836101273,0.9107812661615273,0.7014143471017871,1.5309769942385496,1.2472574762488455,0.5143717622232247,0.5386578471919079,0.24723919574308795,0.9128482374088023,1.430605266980908,3.8317785488796625,1.118328789460918,0.756452407255582,1.5120712497038382,1.0436977363703726,0.7320241460003483,0.6729800684111216,0.5383021074796006,0.8357720211635011,1.5645181546089812,3.9598824842342797,0.9809792193834106,0.8079529443031142,1.4784116944492367,0.968272479620242,0.8170904731309374,0.5010918810212956,1.431398397780149,1.0360735159722658,1.3863386361010988,3.96522689831769,1.0191893442358273,0.6582345486796775,1.5844604623861982,1.1163055996041358,0.8663328261367611,0.4583805160300152,0.5309249137330707,0.8823671301699312,1.5414493071996525,4.197038904171164,0.8434762263528446
cs3-6gig.mid,0.9342837451088966,1.4392117826403,1.6824016809243485,1.3919724312929076,0.8515626945331234,0.8100515211267956,0.0,1.0815562390084708,3.9221584368467903,0.7867861541717422,0.8916931535056598,1.9719881137061859,1.5812359680360983,1.0887038431322305,0.7553053844248292,1.0141272063327134,0.6185650615434399,1.2975054821657959,3.8467797119962794,0.7959687907235669,0.8731500510437513,1.4971399693070881,1.3246560778657228,1.2173255689283322,0.6009272405507047,0.7971114276915552,0.5374596201531308,1.3905696851738152,3.7354870325286553,0.9238645097865947,0.9888250305243509,2.152243757841563,1.355488647400052,1.2717326169715872,0.8492366907898563,0.888544136629879,0.8133014406507488,1.2875773221512543,3.8495771455783157,1.5569069783152134,0.8015656673302254,2.1445294626865303,1.8619686314211221,0.9859851498772896,0.7033687140039806,0.751191337646739,0.6282004917620907,1.269919707570807,3.905276688239674,0.8812061536918461,0.951284778132635,1.4781041299880706,1.5418979523983998,1.4139495753631466,0.5591469608351267,0.756423718183941,0.8686409093310905,1.202363081018686,3.75919391903468,0.9006771669427494,0.8241935689062352,2.1124493290753454,1.3413065343139423,1.0971061273504823,0.8323333144677214,0.7771117751378589,0.8481651701330173,1.112852792352291,3.8722555025139096,0.7318095555187956,1.2115284658122953,1.8627664237835737,1.4406346151654326,1.309447893603048,0.8727828191531395,0.9345137373680821,0.7985662966070333,1.6974265949210756,3.8040994607786676,0.7962765025692842,0.556679142886007,1.830218303203893,1.3142788999872441,1.2835166236024804,0.8238824341459274,0.7921654063994668,0.9856105944352964,1.2475733484917435,3.7976089005776634,0.7805542269834427,1.0017199754732742,1.4362340199385977,1.254678124487845,1.2316197461437444,0.8608889549122369,0.7756942039711499,0.8381030417230106,1.25608517189084,3.8997687406526307,0.7720393311227709,0.9964179499881407,1.5297491760995894,1.2804235821742682,1.27648993849423,0.8481862366015496,0.7883631527007617,0.9451429836070897,1.189890247406975,3.9464045993440804,0.6667981952356357
bwv807b.mid,1.1258204028716747,1.5032861559049335,1.4405783134964198,1.098356186145515,1.0112407811741897,1.2599000482604539,1.0815562390084708,0.0,3.933842913201352,0.713806036987064,1.0522565947793354,1.915394474280684,1.3534791889179658,1.0685430309328927,0.9464010055765493,1.1385293746345275,1.078102458854878,0.6897381743485864,4.034231299225601,0.9235538176628593,1.081580619740421,1.4382697778528497,1.3224735938934864,1.0916574366900114,0.8961702569869794,1.1881652238877494,1.0491315283248568,1.5414739311243544,4.091580120763451,1.4540438741532649,1.057202223211398,1.6250661113841876,1.206817593613271,1.111046931216968,0.984403764635303,1.1751156681296862,0.9793218509349089,1.2109426502064728,3.8836886260900583,2.602362677331488,1.0370504214429324,1.8580999425780718,1.1990861735441665,1.0512032358114034,0.9906702858839336,1.2705040043530893,1.1527559513656982,0.4476388402572016,3.9702860590667717,0.9359966838030562,1.0208322428467538,1.6032536218121374,1.301153910389326,1.1173273041200424,0.9340090649650805,1.1333689172995425,1.00094426800095,0.49890250642827816,4.1034335640164645,0.8006053548207195,1.0979112770476078,1.5945048860882345,1.2160496970233687,1.0931487876001418,0.9183728776752136,1.1444824327068295,1.2427344532708267,0.9978931928005821,3.8872119836101273,0.6582787300183903,0.9880603341678023,1.5071524867004413,1.2900141483851142,1.0584255753659488,0.9758393447406655,1.1667848446948694,1.0531595411899852,1.311190669880749,3.8317785488796625,1.3687083570973693,1.0446525339318553,1.5015329688750123,1.2245747196180852,1.0564043202798041,1.0064585812797144,1.1446459695283115,1.0687940441195352,1.8148977222454326,3.9598824842342797,0.6396931995035873,1.0402733540472386,1.428069136305198,1.1978351207889206,1.0489259826219235,0.9236854828368943,1.6817779654166003,1.0846457751316114,1.0974060350718648,3.96522689831769,1.2695689118722786,1.0474933780648321,1.6197851259898375,1.226730534326422,1.0705361600742016,0.9616121608705919,1.1398380972751454,1.0685313195914392,1.7918288748361038,4.197038904171164,0.7379894184470634
bwv807c.mid,3.933842913201352,2.9621821605157974,3.933842913201352,3.933842913201352,3.933842913201352,3.933842913201352,3.9221584368467903,3.933842913201352,0.0,3.751662279433667,3.933842913201352,2.8628824461521063,3.933842913201352,3.933842913201352,3.933842913201352,3.933842913201352,3.9221584368467903,3.9221584368467903,1.284291216229846,3.63627954252636,3.933842913201352,3.0271985385678812,3.933842913201352,3.933842913201352,3.933842913201352,3.933842913201352,3.933842913201352,3.1692527977304934,0.6480934324321614,3.5217402820240338,3.933842913201352,2.890028422939725,3.933842913201352,3.933842913201352,3.933842913201352,3.9221584368467903,3.9221584368467903,3.2911279130263678,1.0938549915854185,3.4703114856852357,3.933842913201352,2.8919452318281103,3.933842913201352,3.933842913201352,3.9221584368467903,3.933842913201352,3.9221584368467903,3.933842913201352,0.5158588995425841,3.7336066920819633,3.933842913201352,2.980248292767981,3.933842913201352,3.933842913201352,3.933842913201352,3.933842913201352,3.933842913201352,3.933842913201352,1.424636432773065,3.9221584368467903,3.933842913201352,2.997369335008522,3.933842913201352,3.933842913201352,3.933842913201352,3.933842913201352,3.9221584368467903,3.9221584368467903,1.6573482313695518,3.8259486843465487,3.933842913201352,2.985976906228357,3.933842913201352,3.933842913201352,3.9221584368467903,3.933842913201352,3.9221584368467903,3.154277646539982,1.1444955393354972,3.6966970823435243,3.933842913201352,3.0048826507630686,3.933842913201352,3.933842913201352,3.933842913201352,3.9221584368467903,3.9221584368467903,3.9221584368467903,0.5659766110528368,3.933842913201352,3.933842913201352,3.03854220601767,3.933842913201352,3.933842913201352,3.933842913201352,3.9221584368467903,3.9221584368467903,3.9056896340909626,1.0141782611938766,3.855207160027458,3.933842913201352,2.9324934380807086,3.933842913201352,3.933842913201352,3.933842913201352,3.933842913201352,3.8985660623468856,3.754430317238878,0.8609522975124886,3.9221584368467903
bwv807e.mid,0.6366864890682258,2.0182476223833064,1.3970364767079424,1.060322769263697,0.7196732987595937,0.8456940694996096,0.7867861541717422,0.713806036987064,3.751662279433667,0.0,0.6251355710848494,2.0152418771106184,1.4915518694099026,1.0211750916718891,0.697478900292412,0.7331146390467977,0.6649609059550814,0.92109769721913,3.9524390514821652,0.9908552583391179,0.6437445075229071,1.791861292784572,1.1129802949467722,0.9624124680696267,0.5154476432232054,0.7872826369019266,0.5817715684429006,1.2850205506431593,4.067136694557865,1.1106517256429544,0.6998824661838832,2.077946851882265,1.2586475090808462,1.0728528406743933,0.5816335007987261,0.7513545593014843,0.8453071864879451,1.163145435347285,3.6513537052110783,1.888556640344424,0.7274620854202891,2.000255510316335,1.6260151726292893,1.0159079886598295,0.8137166185613207,0.795641249184605,0.9992058473304599,0.7891349931846399,3.824548571164505,0.4743015321929591,0.6214471254579994,1.9616524276815324,1.4646539128000597,1.0983774144314418,0.46569102622660763,0.7271021309755765,0.9326284667549705,0.7535729756302729,4.09084358106389,0.3901295155547664,0.6376726120744101,1.9583972940259824,1.4051143703418059,1.0894689043106398,0.6792952793544553,0.6782411830003405,0.7274088274915558,0.9144166419108877,3.6584004202512173,0.36641371027837666,1.1536139311817188,1.9683284908611296,1.1826096573735247,1.0026585450432384,0.6833803906437308,0.750799854684481,0.6038732557784328,1.7334566245201377,3.5475335507902868,0.695284484953977,0.6021302279161209,1.9229563404580046,1.2587921654574044,1.0881259574715698,0.5293301149280056,0.714819090615882,1.203641267174012,1.1010916852583685,3.803741421499521,0.49195047233036027,0.9629375858210896,1.9290931702933238,1.2273020181148735,0.9489089830338275,0.7237012536783709,0.9679719284295363,0.6205399215219822,0.9204903079261317,3.8144302496663425,0.7633357812447823,0.6766632090698743,1.9371054120455118,1.620729152403205,1.0080461170641755,0.6412974246902219,0.7540804392667793,0.6445876763433125,1.0950037928619611,4.197038904171164,0.6049075741109662
cs1-2all_transp_12.mid,0.1292793415545379,1.4201855935541108,1.0065599473430953,0.5002792777872478,0.9158345875364944,0.763449874100683,0.8916931535056598,1.0522565947793354,3.933842913201352,0.6251355710848494,0.0,1.875109458380472,0.9655674261132314,0.456672939886543,0.5804884956843788,0.7414436619884475,0.4298409362008937,1.1420433644602457,4.034231299225601,0.7697912721522444,0.29960542432056414,1.4002613139813742,1.0479846691343795,0.3481328307022209,0.40024440940348915,0.7614828779224352,0.35423353335252905,1.4172354321490102,4.091580120763451,1.30028132864265,0.471695331497759,2.2026997104175914,0.6587676226376664,0.47310655009031244,0.5257242918401865,0.8492536465217397,0.7205547540579298,1.3345213591723613,3.8836886260900583,2.448600131820873,0.41473630507368053,2.25492029438867,1.2178764634670358,0.4144055023977269,0.7151606217824451,0.7045896906206264,0.9989934058550833,1.1967969431610421,3.9702860590667717,0.7822341382924414,0.22785075590183324,1.4494910763015225,1.1451458985490675,0.6483639740505325,0.3673693929776545,0.7076071239675286,0.6799167839885443,1.1125143555869448,4.1034335640164645,0.857376480533184,0.3340342326963639,2.0155706737496315,1.0830563943813418,0.468488828986497,0.7354546591420075,0.7365829782655915,1.0889719077602118,1.1204627490935537,3.8872119836101273,0.5689716642546783,0.7014835961297914,1.9648266742661655,1.0944684471516335,0.4375048667924588,0.9261982117848038,0.7829668749312568,0.609842171264487,1.6005479395953617,3.8317785488796625,1.2149458115867544,0.33501401061965286,1.865326221050562,1.0355722330217745,0.4629903863867204,0.3319665006653483,0.7455637593733542,0.7968864690927502,1.6611351767348177,3.9598824842342797,0.680865166466746,0.812995850130728,1.389632372912485,1.0659539991452989,0.41629963534901737,0.8041451183848318,1.5280154199059854,0.6493789163804644,1.1227296637702207,3.96522689831769,1.1158063663616637,0.6821552165059095,1.5202116696404357,1.091699456831722,0.47629166329114847,0.4609483917729409,0.7217264061836715,0.7564188582645435,1.638066329325489,4.197038904171164,0.5842268729364486
cs1-3cou_transp_12.mid,1.869929845516467,0.7015983837389967,2.552340456188758,2.2619112065573166,1.7215014697975328,1.6650149066442328,1.9719881137061859,1.915394474280684,2.8628824461521063,2.0152418771106184,1.875109458380472,0.0,2.4511747433005073,1.95864261839664,1.6252441596892386,1.8840659815971228,1.8470207844823165,1.2256562999320977,2.750850614188545,1.3605574369012512,1.9474995142183928,0.5012942938845737,2.4451526240558197,2.087264344192741,1.7541056646806048,1.630477180594287,1.9191351185282608,0.9070168703666144,2.865548257264246,1.3576390198576922,1.8888751797791818,0.5356090665826656,2.2254274226644615,2.1416713922359962,1.7191754660542657,1.2888083270109645,2.041757163589625,0.9393406592850146,2.717719863615157,1.0798476738830778,1.6715044425946348,0.4916561160932673,2.658805992131329,1.8960174777014487,1.4030055167735105,1.5876975755771316,1.4953293950134898,1.5055860912900743,2.8291189489378725,1.5409403449176597,1.8212235533970444,0.5074049045323217,2.4451526240558197,2.2838883506275556,1.7994774020992472,1.6263624934483505,2.0970966322699667,1.416491967852406,2.8892551437702707,1.6251123615558525,1.8486622029355253,0.4957896098609109,2.4451526240558197,1.9670449026148917,1.5791589118928822,1.5237523829099118,2.0888780429592657,1.2520769930064337,2.763076577486344,1.6488281668322422,2.1186634444112142,0.40824198758024277,2.4451526240558197,2.1793866688674575,1.3994943985467394,1.8044525126324915,2.0270220195459094,0.9615281034043823,2.62676449401586,1.3199573921566419,1.7928756241495125,0.45338224751743805,2.4451526240558197,2.15345539886689,1.6938212094103369,1.5848759147590403,2.214066317374173,1.3064204340997887,2.6137833736138516,1.565378323551526,2.2301756984121504,0.5712023732514275,2.4451526240558197,2.101558521408154,1.4924502409625626,1.5009309420878925,2.2170735911962396,1.1190165165342028,2.818103053763786,1.2519060958658366,2.099335064787332,0.4910536887200134,2.4861400329756416,2.146428713758639,1.718125011865959,1.6583019279651712,2.173598706545966,0.930573094248935,3.076465824079671,1.5886484849080942
cs3-1pre_transp_12.mid,0.9835674954029083,2.3857530196673418,0.25143488876361153,0.6175217838453491,1.1683751475536122,1.1038355441948684,1.5812359680360983,1.3534791889179658,3.933842913201352,1.4915518694099026,0.9655674261132314,2.4511747433005073,0.0,0.5886552347682339,1.0649842975764474,1.0754732803656326,1.0997120632294881,1.4695903849108563,4.034231299225601,1.583565653608086,0.9103248779173301,2.202401013600789,0.3785715744631304,0.6174345954110105,1.0671971600856391,1.0955124962996203,1.1768708039190532,2.259639226142191,4.091580120763451,1.9898241431730885,0.7916694032260194,2.4454522491663004,0.37289065921601816,0.5716099673903638,0.9471948988210297,1.1823281596979518,1.4100975685883683,1.9474682545884576,3.8836886260900583,3.0022900936567307,0.8054291139827958,2.432679531382786,0.2807326633850238,0.6429701311288705,1.4047034363128836,1.146801002305645,1.6885362203855219,1.4680606253225514,3.9702860590667717,1.4862385040524826,0.9613975756943884,2.3291578249655673,0.17957847243583602,0.3931744549784608,1.169442398690284,0.9601476839846463,1.0587705942423011,1.3779125120009268,4.1034335640164645,1.3363856238405432,0.8600684540593422,2.406263482658747,0.23992943372215603,0.4970785971267344,1.1261474680511228,1.1369229233188771,1.7785147222906503,1.5336734618204058,3.8872119836101273,1.3938965117878972,0.5049173927585857,2.3358338881451646,0.30894221203637784,0.7778905368866442,1.1839992742334018,1.0779721638469661,1.205343190621694,2.1009620218041727,3.8317785488796625,1.904488626117193,1.0245568251500914,2.2904617377420395,0.2669570680488542,0.5137636726022694,0.9950759685695774,1.2416660495893361,1.114644059168691,2.350677991265256,3.9598824842342797,1.2525540713764127,0.6037714849555309,2.296598567577359,0.3905569423654587,0.6263909325355401,1.1547031084956383,2.2175582344364235,1.0796187277758884,1.6331863040916885,3.96522689831769,1.8053491808921023,0.8148886603400283,2.3046108093295468,0.36217439279123775,0.5670410700559678,1.0088028219742573,0.9742669662007892,1.4008012188740095,2.327609143855927,4.197038904171164,1.2929498284752339
cs3-2all_transp_12.mid,0.4746730091762199,1.8768585334406538,0.6119065051070656,0.30326858816067714,0.6888194992506071,0.8086865402807426,1.0887038431322305,1.0685430309328927,3.933842913201352,1.0211750916718891,0.456672939886543,1.95864261839664,0.5886552347682339,0.0,0.5886618460326818,0.8591293273358578,0.6134350620184907,1.2317457169741113,4.034231299225601,1.1131888758700725,0.4399481001793166,1.7320242358627755,0.6604990066737031,0.2328086526636053,0.5968203823476257,0.8791685432698455,0.7064940261810397,1.7892624484041777,4.091580120763451,1.4972920182692206,0.32129262548800597,1.9756846221317046,0.3283648989145187,0.3146288402924271,0.439541590873163,0.887179155783826,0.9175654436845004,1.4770914768504442,3.8836886260900583,2.645610821447444,0.30959678921975,2.0279052061027834,0.780833458711284,0.16341448282586546,0.9121713114090158,0.7743209379691298,1.196004095481654,1.1846044985053075,3.9702860590667717,1.0158617263144691,0.4525030894677,1.8202633387388794,0.752806972689728,0.3905346757745902,0.6990656209522705,0.4805920356816413,0.5662384693384332,1.1137693620734863,4.1034335640164645,0.8594153254911718,0.38969167632132873,1.8176082478905133,0.7104237144864718,0.1921198812708207,0.5379061904118023,0.8542686436130018,1.2859825973867824,1.1208612527651498,3.8872119836101273,0.9235197340498837,0.33438065644433346,1.8269394019184766,0.7488105514589734,0.48274153297251843,0.8714178383070865,0.8570167912163922,0.7128110657178262,1.6129255840984396,3.8317785488796625,1.411956501213325,0.5320247002462235,1.7815672515153516,0.73370225166089,0.24763866001209056,0.5246991908315639,0.7908004255534138,0.6221119342648231,1.8581458663613883,3.9598824842342797,0.7821772936383993,0.41839637763177207,1.7877040813506708,0.6160065806745458,0.28458921137037585,0.6215554104343077,1.725026109532556,0.5870866028720205,1.1406541791878206,3.96522689831769,1.3128170559882344,0.3445118826020148,1.8169749803157238,0.7981465249263193,0.18778609536199964,0.4999083357475689,0.4947113178977842,0.9082690939701417,1.8350770189520595,4.197038904171164,0.8225730507372204
cs3-3cou_transp_12.mid,0.57086833188847,1.3207687220908948,1.1059768188063113,0.6366670468680784,0.4659046612727997,0.461838346378898,0.7553053844248292,0.9464010055765493,3.933842913201352,0.697478900292412,0.5804884956843788,1.6252441596892386,1.0649842975764474,0.5886618460326818,0.0,0.6503969984128002,0.5292578076641097,1.1088151490746694,4.034231299225601,0.6352684966441835,0.6528785515222997,1.2541038566368865,1.1474015405975955,0.7991139101647629,0.443665882834138,0.6118186107021382,0.6210728866991704,1.3113420691782887,4.091580120763451,1.1638935595618194,0.571112202960975,1.679444915723673,0.7581844941008824,0.5725234215535284,0.28152950699361945,0.5952051142832362,0.7239941867714186,0.9991710976245551,3.8836886260900583,2.312212362740042,0.28061405198888867,1.7316654996947518,1.3172933349302518,0.6995936649103514,0.5787728527016145,0.5069710054014225,0.8626056367742527,1.1178119125165575,3.9702860590667717,0.6690034063086658,0.4503633718135265,1.313103307220692,1.2445627700122834,0.7730607455998504,0.5048564394031541,0.3535514208883337,0.7793336554517603,1.0184313852238018,4.1034335640164645,0.7838852298716039,0.5540412402394321,1.4350821780652532,1.1824732658445578,0.567905700449713,0.32584678675102374,0.5869187110452945,0.9525841386793812,1.0162229826207607,3.8872119836101273,0.5375070144634697,0.8009004675930074,1.4415718795722468,1.1938853186148495,0.5541425091782188,0.44261230912690674,0.5896668586486848,0.709259042727703,1.1350052048725505,3.8317785488796625,1.0785580425059238,0.5364277130075212,1.3420714263566431,1.1349891044849905,0.6301647298373507,0.45295537416306075,0.415735465978067,0.8963033405559662,1.524747407653987,3.9598824842342797,0.615071901705945,0.9124127215939439,1.2330058331528733,1.1653708706085149,0.5970657788828766,0.3094212205614002,1.3916276508251548,0.9224526285001464,1.037239848581327,3.96522689831769,0.9794185972808331,0.7815720879691255,1.3390546010898348,1.191116328294938,0.6463081318887003,0.20101411066552854,0.40366541895465713,0.8558357297277595,1.5016785602446583,4.197038904171164,0.5064315099341927
cs3-5bou_transp_12.mid,0.7610993760517903,1.5600833675318446,1.0245539892159572,0.8150765274012368,0.6561357054361201,0.5668393801002298,1.0141272063327134,1.1385293746345275,3.933842913201352,0.7331146390467977,0.7414436619884475,1.8840659815971228,1.0754732803656326,0.8591293273358578,0.6503969984128002,0.0,0.8046003916971629,1.3031440824516136,4.034231299225601,0.892225324979298,0.6632194236858906,1.4439637832376842,0.9875306612805757,1.0585089043727347,0.6482397182146595,0.4794801137953759,0.9140864642619904,1.510145438440793,4.091580120763451,1.4227153814697036,0.8126147806513688,1.6197825970308033,1.0746138842074302,0.7803426629162402,0.6681142996867568,0.603925654751388,0.8429888068849833,1.1890310242253528,3.8836886260900583,2.5710341846479263,0.6093977623971321,1.8267714498945105,1.1152515630218645,0.9080471251271884,0.8375946746094987,0.8527354197596946,1.121427458682137,1.3348089543870882,3.9702860590667717,0.9046681911194949,0.6938516588220134,1.571925129128576,1.191361485616333,0.8146505017087997,0.5817929873451408,0.7209981547266513,0.8730362465287271,1.1975964877091227,4.1034335640164645,0.9823676923634577,0.7935652612214623,1.5631763934046732,1.0356047260592032,0.8354263117451621,0.5858741183963154,0.7887902270924747,1.2114059605872654,1.1948192338019346,3.8872119836101273,0.7688370211135338,0.7343416717727034,1.5101642360096674,1.217463826164105,0.9553395473843138,0.6168905125300168,0.6661983279748043,0.8830545873240618,1.3248651314733482,3.8317785488796625,1.337379864413808,0.8351854129989946,1.470204476191451,1.0233387825059919,0.8626415251571165,0.7998936141899464,0.8499137589416033,0.8962151515315577,1.7835692295618712,3.9598824842342797,0.8195827523866872,0.7781592942183737,1.4709289154418617,0.9770454889510276,0.9144125056440622,0.39161574063456017,1.650449472733039,1.0320340530744931,1.2494632364745,3.96522689831769,1.2382404191887173,0.7396022207096289,1.5884566333062762,1.1149129976758374,0.9019516512926806,0.56998154229482,0.7802766455956243,0.9772839934535487,1.7605003821525425,4.197038904171164,0.7066609257635021
cs3-6gig_transp_12.mid,0.45275984030228633,1.8500265297550045,1.2008777761177383,0.9104485264862974,0.8606654393629753,0.7282288560237635,0.6185650615434399,1.078102458854878,3.9221584368467903,0.6649609059550814,0.4298409362008937,1.8470207844823165,1.0997120632294881,0.6134350620184907,0.5292578076641097,0.8046003916971629,0.0,1.2956577300552259,4.034231299225601,0.8226341657108156,0.3916261462371411,1.6236402001562698,0.8431321730591126,0.735801664121722,0.34722655059490304,0.7620355290905985,0.2412816936641664,1.3620662839754911,4.091580120763451,0.9424306330146521,0.5073011257177407,2.1475305622440723,0.8739647425934418,0.790208712164977,0.4705551436666675,0.8067214715268469,0.4375671568345467,1.2793522109988422,3.8495771455783157,2.0384308831218236,0.34212736887190864,2.199751146215151,1.380444726614512,0.6081679590064311,0.6454955259330184,0.6693686725437069,0.8309847547021576,1.224445132180103,3.9702860590667717,0.8350129601014893,0.4697608733260248,1.79343133505323,1.0603740475917895,0.9324256705565364,0.3277643399771968,0.6524379757940095,0.5248884371015721,1.154402744512565,4.1034335640164645,0.8662893490375347,0.34266966409962496,1.7966966348055409,0.9973743406884075,0.6817288746572414,0.5165806201979164,0.7371356294337548,0.6788026590611622,1.077059086808172,3.8722555025139096,0.7209689372665786,0.7458739015283204,1.9096575260926465,0.9591107103588223,0.8279239887964378,0.8710290636112847,0.7398837770371451,0.18461938138503875,1.5652355318918354,3.8040994607786676,0.8599407029965422,0.3946446583202272,1.8101570728770429,0.851052135804006,0.8019927187958702,0.3423585293393172,0.7103427412964347,0.7959012375206136,1.2509659280357681,3.9536156642769207,0.7343610333930859,0.5551975561676912,1.7608720776650215,0.8195619884614751,0.7500958413371341,0.7489759702113128,1.1178461712069359,0.5608381717598587,1.1992674595886532,3.964304492443742,0.7056371176626142,0.5148940451815305,1.7688843194172095,1.2129891227498066,0.7949660336876199,0.47307633206191957,0.6665572580101524,0.3871052846503171,1.2278970806264393,4.197038904171164,0.6504974459001716
bwv807b_transp_12.mid,1.2644286144288688,1.0971499251641768,1.621179893254292,1.2714858828177622,1.2276207673433412,1.4307168745168104,1.2975054821657959,0.6897381743485864,3.9221584368467903,0.92109769721913,1.1420433644602457,1.2256562999320977,1.4695903849108563,1.2317457169741113,1.1088151490746694,1.3031440824516136,1.2956577300552259,0.0,3.976506914120643,0.674758360389178,1.2609095783939428,0.9391744243287001,1.5348170606207456,1.3146467757885474,1.0823026787758794,1.4007726461395844,1.2139233420419129,0.9964126368701023,4.091204557196344,0.7643056998046784,1.2782006100583576,1.1670893441444536,1.386909599602843,1.3318661540288392,1.1219922370937567,1.3491971129037323,1.1735711528531922,0.6842416653163688,3.811456024325407,1.9126245029829017,1.1970640399923735,1.1981024031646714,1.5409121318569698,1.2198121863409725,1.1812472258134226,1.430790357010169,1.279788622625393,0.41144191139858544,3.905276688239674,0.6551202946373436,1.182374409080043,1.0405547304624023,1.5315816849147006,1.295880347494304,1.1515643361654284,1.3715654078251607,1.1732484429575405,0.25361990117122657,4.1034335640164645,0.6413372600164575,1.2843170783152353,1.127294915378236,1.4248607482842957,1.130988760738493,1.0629182308034357,1.2347067592515168,1.2598924556615332,0.30815501845199567,3.856812738196594,0.6585425222724863,1.1575442365415478,1.0472307936419996,1.5001578906871047,1.235807971587918,1.0725989937475995,1.3236857554433348,1.2038390468152316,0.8200757725643641,3.72050065472611,0.6789701827487828,1.2622078051322032,1.0018586432388745,1.458655711930395,1.2105683781916277,1.204813599942114,1.31397354424971,1.2712638744065132,1.1251595478968461,3.8278092841379987,0.6492702348067074,1.17281302858167,1.0079954730741938,1.388989667535233,1.1705503770598749,1.0669361479161301,1.4933868579609784,1.2958149768978942,0.40766786072327843,3.8997687406526307,0.6683897945885402,1.2714393782940694,1.0241251687816484,1.4884598574385968,1.1664133811342738,1.088634460388577,1.3472074166969823,1.286104338373177,1.1020907004875173,4.197038904171164,0.6767145824773535
