,cs1-2all.mid,cs1-3cou.mid,cs3-1pre.mid,cs3-2all.mid,cs3-3cou.mid,cs3-5bou.mid,cs3-6gig.mid,bwv807b.mid,bwv807c.mid,bwv807e.mid,cs1-2all_transp_12.mid,cs1-3cou_transp_12.mid,cs3-1pre_transp_12.mid,cs3-2all_transp_12.mid,cs3-3cou_transp_12.mid,cs3-5bou_transp_12.mid,cs3-6gig_transp_12.mid,bwv807b_transp_12.mid,bwv807c_transp_12.mid,bwv807e_transp_12.mid,cs1-2all_transp_21.mid,cs1-3cou_transp_21.mid,cs3-1pre_transp_21.mid,cs3-2all_transp_21.mid,cs3-3cou_transp_21.mid,cs3-5bou_transp_21.mid,cs3-6gig_transp_21.mid,bwv807b_transp_21.mid,bwv807c_transp_21.mid,bwv807e_transp_21.mid,cs1-2all_transp_6.mid,cs1-3cou_transp_6.mid,cs3-1pre_transp_6.mid,cs3-2all_transp_6.mid,cs3-3cou_transp_6.mid,cs3-5bou_transp_6.mid,cs3-6gig_transp_6.mid,bwv807b_transp_6.mid,bwv807c_transp_6.mid,bwv807e_transp_6.mid,cs1-2all_transp_15.mid,cs1-3cou_transp_15.mid,cs3-1pre_transp_15.mid,cs3-2all_transp_15.mid,cs3-3cou_transp_15.mid,cs3-5bou_transp_15.mid,cs3-6gig_transp_15.mid,bwv807b_transp_15.mid,bwv807c_transp_15.mid,bwv807e_transp_15.mid,cs1-2all_transp_19.mid,cs1-3cou_transp_19.mid,cs3-1pre_transp_19.mid,cs3-2all_transp_19.mid,cs3-3cou_transp_19.mid,cs3-5bou_transp_19.mid,cs3-6gig_transp_19.mid,bwv807b_transp_19.mid,bwv807c_transp_19.mid,bwv807e_transp_19.mid,cs1-2all_transp_1.mid,cs1-3cou_transp_1.mid,cs3-1pre_transp_1.mid,cs3-2all_transp_1.mid,cs3-3cou_transp_1.mid,cs3-5bou_transp_1.mid,cs3-6gig_transp_1.mid,bwv807b_transp_1.mid,bwv807c_transp_1.mid,bwv807e_transp_1.mid,cs1-2all_transp_11.mid,cs1-3cou_transp_11.mid,cs3-1pre_transp_11.mid,cs3-2all_transp_11.mid,cs3-3cou_transp_11.mid,cs3-5bou_transp_11.mid,cs3-6gig_transp_11.mid,bwv807b_transp_11.mid,bwv807c_transp_11.mid,bwv807e_transp_11.mid,cs1-2all_transp_4.mid,cs1-3cou_transp_4.mid,cs3-1pre_transp_4.mid,cs3-2all_transp_4.mid,cs3-3cou_transp_4.mid,cs3-5bou_transp_4.mid,cs3-6gig_transp_4.mid,bwv807b_transp_4.mid,bwv807c_transp_4.mid,bwv807e_transp_4.mid,cs1-2all_transp_14.mid,cs1-3cou_transp_14.mid,cs3-1pre_transp_14.mid,cs3-2all_transp_14.mid,cs3-3cou_transp_14.mid,cs3-5bou_transp_14.mid,cs3-6gig_transp_14.mid,bwv807b_transp_14.mid,bwv807c_transp_14.mid,bwv807e_transp_14.mid,cs1-2all_transp_18.mid,cs1-3cou_transp_18.mid,cs3-1pre_transp_18.mid,cs3-2all_transp_18.mid,cs3-3cou_transp_18.mid,cs3-5bou_transp_18.mid,cs3-6gig_transp_18.mid,bwv807b_transp_18.mid,bwv807c_transp_18.mid,bwv807e_transp_18.mid
cs1-2all.mid,0.0,1.4229330212667155,1.0245600166327722,0.45768868618401104,0.9364662029749393,0.7908930261365308,0.9342837451088966,1.1258204028716747,3.933842913201352,0.6366864890682258,4.135163149992939,4.896701702840664,3.617835856055663,3.703703703703706,4.47779780027952,4.025498201860643,2.5663425598005603,5.7558974696059515,11.755601069396288,3.533417854715413,4.125668955826315,5.026857713226217,3.617835856055663,3.757380568974771,4.390925747338727,3.6594046227469956,5.919985082864219,4.959937240569177,10.875864288192751,4.45448899674636,4.116329215574368,5.0247378811494094,3.6178358560556534,3.647802299117405,4.444725579718318,4.033937401445252,4.737556801183963,5.858074225867963,8.826002832576911,4.338216059857336,4.135163149992946,5.04529803811506,3.6178358560556614,3.7956062820638135,4.401549479118216,4.033937401445252,5.522289347930922,5.680212457735124,10.176557989229206,4.379980724543891,4.069821234057207,4.90649790516129,3.617835856055657,3.789464524325844,4.390886203004525,4.017094239017508,5.742740020503019,5.257461928771875,10.176557989229217,4.422435916914807,4.116218258487233,4.90649790516129,3.5897518043867125,3.7055206899262236,4.40154947911822,4.0003911444685745,5.522289347930924,10.732075284612478,11.372519396594914,4.408152814270956,4.0790621269151774,4.896701702840664,3.581448123760378,3.7894645243258473,4.3908862030045235,2.0367319712845475,2.6415557394750744,6.289426941998405,9.690074567296296,4.4512816102538135,2.607673980580561,5.02699010247944,3.6178358560556605,3.7055206899262236,4.455652282468089,3.690220661675392,6.082690803957744,5.993257860111417,11.201298539384553,3.62458125102971,4.1069214632413455,4.996136762964312,3.6178358560556596,3.717284247672019,4.520769117862905,3.6902206616753883,5.050700214481838,6.197358709687837,11.607851694202573,4.440102372550598,4.097554809311831,5.097863655698122,4.095473261193964,3.670672532967669,4.520769117862905,4.025498201860637,5.919985082864219,5.67916921406178,10.316858547774334,2.8119012822299823
cs1-3cou.mid,1.4229330212667155,0.0,2.4267455408972056,1.8498028881815665,1.3150896170343511,1.5659480201576534,1.4392117826403,1.5032861559049335,2.9621821605157974,2.0182476223833064,3.3648226340989726,4.88789973979442,2.3301680462244194,2.501903741520504,4.058876188711306,3.3429012318609264,1.2773487702986728,5.7558974696059515,11.755601069396288,2.1613320435439185,3.345834245765724,5.026857713226217,2.3301680462244185,2.609257472062634,3.876347828790548,2.4133055796070844,5.919985082864219,4.959937240569177,10.875864288192751,4.003474327605812,3.3391255235901403,5.0247378811494094,2.330168046224399,2.390100932347903,3.992756921563303,3.162371137003598,4.581802608983596,5.858074225867963,8.826002832576911,3.7709284538277643,3.364822634098987,5.04529803811506,2.330168046224415,2.697901570743298,3.8975952923495267,3.3463068754045056,5.522289347930922,5.680212457735124,10.176557989229206,3.8544577832008766,3.246331474730086,4.90649790516129,2.330168046224407,2.6856180552673603,3.8762687401221445,3.315670022772143,5.742740020503019,5.257461928771875,10.176557989229217,3.951560840445281,3.3269328510875606,4.90649790516129,2.273999942886517,2.5055377139655395,3.897595292349534,3.285287946461044,5.522289347930924,10.732075284612478,11.372519396594914,3.9229946351575835,3.264593355366462,4.88789973979442,2.257392581633849,2.6856180552673674,3.876268740122139,1.023187505653373,1.3348076708059282,6.289426941998405,9.690074567296296,3.997059554620721,1.5876065901488454,5.02699010247944,2.330168046224413,2.5055377139655404,4.014602009854908,2.474937657463876,6.082690803957744,5.993257860111417,11.201298539384553,2.343658836172512,3.308339260595785,4.996136762964312,2.3301680462244114,2.5412575019597092,4.136034569838902,2.474937657463869,5.050700214481838,6.197358709687837,11.607851694202573,3.97470107921429,3.2896059527367534,5.097863655698122,3.2854428565010227,2.4358414000484307,4.136034569838902,3.330956402171343,5.919985082864219,5.67916921406178,10.316858547774334,1.6325832344137376
cs3-1pre.mid,1.0245600166327722,2.4267455408972056,0.0,0.5779717778538878,1.1663320238819486,1.0543476393006976,1.6824016809243485,1.4405783134964198,3.933842913201352,1.3970364767079424,4.135163149992939,4.896701702840664,3.617835856055663,3.703703703703706,4.47779780027952,4.025498201860643,3.039866011844956,5.7558974696059515,11.755601069396288,3.533417854715413,4.125668955826315,5.026857713226217,3.617835856055663,3.757380568974771,4.390925747338727,3.6594046227469956,5.919985082864219,4.959937240569177,10.875864288192751,4.45448899674636,4.116329215574368,5.0247378811494094,3.6178358560556534,3.647802299117405,4.444725579718318,4.033937401445252,4.737556801183963,5.858074225867963,8.826002832576911,4.338216059857336,4.135163149992946,5.04529803811506,3.6178358560556614,3.7956062820638135,4.401549479118216,4.033937401445252,5.522289347930922,5.680212457735124,10.176557989229206,4.379980724543891,4.069821234057207,4.90649790516129,3.617835856055657,3.789464524325844,4.390886203004525,4.017094239017508,5.742740020503019,5.257461928771875,10.176557989229217,4.422435916914807,4.116218258487233,4.90649790516129,3.5897518043867125,3.7055206899262236,4.40154947911822,4.0003911444685745,5.522289347930924,10.732075284612478,11.372519396594914,4.408152814270956,4.0790621269151774,4.896701702840664,3.581448123760378,3.7894645243258473,4.3908862030045235,2.7074842304157185,3.0774726016822136,6.289426941998405,9.690074567296296,4.4512816102538135,3.0135314775340776,5.02699010247944,3.6178358560556605,3.7055206899262236,4.455652282468089,3.690220661675392,6.082690803957744,5.993257860111417,11.201298539384553,3.62458125102971,4.1069214632413455,4.996136762964312,3.6178358560556596,3.717284247672019,4.520769117862905,3.6902206616753883,5.050700214481838,6.197358709687837,11.607851694202573,4.440102372550598,4.097554809311831,5.097863655698122,4.095473261193964,3.670672532967669,4.520769117862905,4.025498201860637,5.919985082864219,5.67916921406178,10.316858547774334,3.04005067990653
cs3-2all.mid,0.45768868618401104,1.8498028881815665,0.5779717778538878,0.0,0.9686739214424733,0.7858652213812656,1.3919724312929076,1.098356186145515,3.933842913201352,1.060322769263697,4.135163149992939,4.896701702840664,3.617835856055663,3.703703703703706,4.47779780027952,4.025498201860643,3.0240312459845713,5.7558974696059515,11.755601069396288,3.533417854715413,4.125668955826315,5.026857713226217,3.617835856055663,3.757380568974771,4.390925747338727,3.6594046227469956,5.919985082864219,4.959937240569177,10.875864288192751,4.45448899674636,4.116329215574368,5.0247378811494094,3.6178358560556534,3.647802299117405,4.444725579718318,4.033937401445252,4.737556801183963,5.858074225867963,8.826002832576911,4.338216059857336,4.135163149992946,5.04529803811506,3.6178358560556614,3.7956062820638135,4.401549479118216,4.033937401445252,5.522289347930922,5.680212457735124,10.176557989229206,4.379980724543891,4.069821234057207,4.90649790516129,3.617835856055657,3.789464524325844,4.390886203004525,4.017094239017508,5.742740020503019,5.257461928771875,10.176557989229217,4.422435916914807,4.116218258487233,4.90649790516129,3.5897518043867125,3.7055206899262236,4.40154947911822,4.0003911444685745,5.522289347930924,10.732075284612478,11.372519396594914,4.408152814270956,4.0790621269151774,4.896701702840664,3.581448123760378,3.7894645243258473,4.3908862030045235,2.417054980784277,3.0774726016822136,6.289426941998405,9.690074567296296,4.4512816102538135,2.9713621773628134,5.02699010247944,3.6178358560556605,3.7055206899262236,4.455652282468089,3.690220661675392,6.082690803957744,5.993257860111417,11.201298539384553,3.62458125102971,4.1069214632413455,4.996136762964312,3.6178358560556596,3.717284247672019,4.520769117862905,3.6902206616753883,5.050700214481838,6.197358709687837,11.607851694202573,4.440102372550598,4.097554809311831,5.097863655698122,4.095473261193964,3.670672532967669,4.520769117862905,4.025498201860637,5.919985082864219,5.67916921406178,10.316858547774334,3.0244005821077193
cs3-3cou.mid,0.9364662029749393,1.3150896170343511,1.1663320238819486,0.9686739214424733,0.0,0.6859293555208605,0.8515626945331234,1.0112407811741897,3.933842913201352,0.7196732987595937,4.135163149992939,4.896701702840664,3.617835856055663,3.703703703703706,4.47779780027952,4.025498201860643,2.483621509224787,5.7558974696059515,11.755601069396288,3.4707251949657003,4.125668955826315,5.026857713226217,3.617835856055663,3.757380568974771,4.390925747338727,3.6594046227469956,5.919985082864219,4.959937240569177,10.875864288192751,4.45448899674636,4.116329215574368,5.0247378811494094,3.6178358560556534,3.647802299117405,4.444725579718318,4.033937401445252,4.737556801183963,5.858074225867963,8.826002832576911,4.338216059857336,4.135163149992946,5.04529803811506,3.6178358560556614,3.7956062820638135,4.401549479118216,4.033937401445252,5.522289347930922,5.680212457735124,10.176557989229206,4.379980724543891,4.069821234057207,4.90649790516129,3.617835856055657,3.789464524325844,4.390886203004525,4.017094239017508,5.742740020503019,5.257461928771875,10.176557989229217,4.422435916914807,4.116218258487233,4.90649790516129,3.583393094308299,3.7055206899262236,4.40154947911822,4.0003911444685745,5.522289347930924,10.732075284612478,11.372519396594914,4.408152814270956,4.0790621269151774,4.896701702840664,3.5667857330556307,3.7894645243258473,4.3908862030045235,1.8766452440244934,2.558834688899301,6.289426941998405,9.690074567296296,4.4512816102538135,2.430952440603029,5.02699010247944,3.6178358560556605,3.7055206899262236,4.455652282468089,3.690220661675392,6.082690803957744,5.993257860111417,11.201298539384553,3.62458125102971,4.1069214632413455,4.996136762964312,3.6178358560556596,3.717284247672019,4.520769117862905,3.6902206616753883,5.050700214481838,6.197358709687837,11.607851694202573,4.440102372550598,4.097554809311831,5.097863655698122,4.095473261193964,3.670672532967669,4.520769117862905,4.025498201860637,5.919985082864219,5.67916921406178,10.316858547774334,2.697745755159227
cs3-5bou.mid,0.7908930261365308,1.5659480201576534,1.0543476393006976,0.7858652213812656,0.6859293555208605,0.0,0.8100515211267956,1.2599000482604539,3.933842913201352,0.8456940694996096,4.135163149992939,4.896701702840664,3.5830746344929016,3.703703703703706,4.47779780027952,4.025498201860643,2.4271349460714875,5.7558974696059515,11.755601069396288,3.4142386318124007,4.125668955826315,5.026857713226217,3.5830746344929008,3.757380568974771,4.390925747338727,3.6594046227469956,5.919985082864219,4.959937240569177,10.875864288192751,4.45448899674636,4.116329215574368,5.0247378811494094,3.583074634492881,3.6430075206163854,4.444725579718318,4.033937401445252,4.737556801183963,5.858074225867963,8.826002832576911,4.338216059857336,4.135163149992946,5.04529803811506,3.583074634492897,3.7956062820638135,4.401549479118216,4.033937401445252,5.522289347930922,5.680212457735124,10.176557989229206,4.379980724543891,4.069821234057207,4.90649790516129,3.583074634492889,3.789464524325844,4.390886203004525,4.017094239017508,5.742740020503019,5.257461928771875,10.176557989229217,4.422435916914807,4.116218258487233,4.90649790516129,3.5269065311549994,3.7055206899262236,4.40154947911822,4.0003911444685745,5.522289347930924,10.732075284612478,11.372519396594914,4.408152814270956,4.0790621269151774,4.896701702840664,3.510299169902331,3.7894645243258473,4.3908862030045235,2.031584122493167,2.5023481257460016,6.289426941998405,9.690074567296296,4.4512816102538135,2.481552813385094,5.02699010247944,3.5830746344928954,3.7055206899262236,4.455652282468089,3.690220661675392,6.082690803957744,5.993257860111417,11.201298539384553,3.5965654244409944,4.1069214632413455,4.996136762964312,3.5830746344928937,3.717284247672019,4.520769117862905,3.6902206616753883,5.050700214481838,6.197358709687837,11.607851694202573,4.440102372550598,4.097554809311831,5.097863655698122,4.095473261193964,3.670672532967669,4.520769117862905,4.025498201860637,5.919985082864219,5.67916921406178,10.316858547774334,2.7521721168629565
cs3-6gig.mid,0.9342837451088966,1.4392117826403,1.6824016809243485,1.3919724312929076,0.8515626945331234,0.8100515211267956,0.0,1.0815562390084708,3.9221584368467903,0.7867861541717422,3.8226530909876315,4.896701702840664,2.9665979842198853,2.959734198409163,4.47779780027952,4.025498201860641,2.046868937892289,5.7558974696059515,11.755601069396288,2.989464120354179,3.803664702654383,5.026857713226217,2.9665979842198844,3.0670879289512927,4.334178285679206,2.8711360364957432,5.919985082864219,4.959937240569177,10.875864288192751,4.45448899674636,4.116218258487233,5.0247378811494094,2.9665979842198853,2.847931389236562,4.443033957473816,3.6747480383559976,4.737556801183963,5.858074225867963,8.826002832576911,4.228758910716422,3.8226530909876457,5.04529803811506,2.787998503113074,3.7956062820638126,4.355425749238185,3.6747480383559976,5.522289347930922,5.680212457735124,10.176557989229206,4.312288240089535,4.069821234057207,4.90649790516129,2.9665979842198853,3.789464524325844,4.3340991970108025,3.656959720321228,5.742740020503019,5.257461928771875,10.176557989229217,4.422435916914804,3.7847633079762195,4.90649790516129,2.731830399775176,2.9633681708541983,4.355425749238192,3.6382536382536372,5.522289347930924,10.732075284612478,11.372519396594914,4.408152814270956,4.078952174375395,4.896701702840664,2.715223038522508,3.7894645243258473,4.334099197010797,2.2628899681647994,2.1058507754754414,6.289426941998405,9.690074567296296,4.4512816102538135,2.4974929633207816,5.02699010247944,2.9665979842198844,2.9633681708541992,4.455652282468089,2.932768114352535,6.082690803957744,5.993257860111417,11.201298539384553,3.519280385830208,3.766169717484444,4.996136762964312,2.7879985031130703,3.7172842476720183,4.520769117862905,2.9327681143525277,5.050700214481838,6.197358709687837,11.607851694202573,4.432531536102948,3.7474364096254122,5.097863655698122,3.7432733133896816,2.8936718569370896,4.520769117862905,3.6670602809535815,5.919985082864219,5.67916921406178,10.316858547774334,2.8119012822299823
bwv807b.mid,1.1258204028716747,1.5032861559049335,1.4405783134964198,1.098356186145515,1.0112407811741897,1.2599000482604539,1.0815562390084708,0.0,3.933842913201352,0.713806036987064,4.135163149992939,4.896701702840664,3.617835856055663,3.703703703703706,4.47779780027952,4.025498201860643,2.677514513707939,5.7558974696059515,11.755601069396288,3.533417854715413,4.125668955826315,5.026857713226217,3.617835856055663,3.757380568974771,4.390925747338727,3.6594046227469956,5.919985082864219,4.959937240569177,10.875864288192751,4.45448899674636,4.116329215574368,5.0247378811494094,3.6178358560556534,3.647802299117405,4.444725579718318,4.033937401445252,4.737556801183963,5.858074225867963,8.826002832576911,4.338216059857336,4.135163149992946,5.04529803811506,3.6178358560556614,3.7956062820638135,4.401549479118216,4.033937401445252,5.522289347930922,5.680212457735124,10.176557989229206,4.379980724543891,4.069821234057207,4.90649790516129,3.617835856055657,3.789464524325844,4.390886203004525,4.017094239017508,5.742740020503019,5.257461928771875,10.176557989229217,4.422435916914807,4.116218258487233,4.90649790516129,3.5897518043867125,3.7055206899262236,4.40154947911822,4.0003911444685745,5.522289347930924,10.732075284612478,11.372519396594914,4.408152814270956,4.0790621269151774,4.896701702840664,3.581448123760378,3.7894645243258473,4.3908862030045235,2.0705382485076447,2.752727693382453,6.289426941998405,9.690074567296296,4.4512816102538135,2.624845445086181,5.02699010247944,3.6178358560556605,3.7055206899262236,4.455652282468089,3.690220661675392,6.082690803957744,5.993257860111417,11.201298539384553,3.62458125102971,4.1069214632413455,4.996136762964312,3.6178358560556596,3.717284247672019,4.520769117862905,3.6902206616753883,5.050700214481838,6.197358709687837,11.607851694202573,4.440102372550598,4.097554809311831,5.097863655698122,4.095473261193964,3.670672532967669,4.520769117862905,4.025498201860637,5.919985082864219,5.67916921406178,10.316858547774334,2.677883849831087
bwv807c.mid,3.933842913201352,2.9621821605157974,3.933842913201352,3.933842913201352,3.933842913201352,3.933842913201352,3.9221584368467903,3.933842913201352,0.0,3.751662279433667,1.4380267915883325,2.439872240907823,1.9111209052538092,1.8311644312913051,2.189993117759757,1.962963474227894,2.549001191412521,3.7953537706126994,11.755601069396288,1.764781783603934,1.3849795431704122,2.1860296000497295,1.9111209052538092,1.7440172944448928,1.22633080721116,2.223059246204527,3.9722843393257348,2.3868916432806486,10.875864288192751,1.5155351144549467,1.7731605591309347,2.344636117155119,1.91112090525381,1.4464261984082745,1.4322189212730612,1.9958670497202053,1.6307967286743432,3.8484626253332204,8.826002832576911,1.7835408192127105,1.3713000934057957,2.3778385775193893,2.3121514961558383,1.1894890067110824,1.1130602228435449,1.76881338649283,3.176892869459139,3.697565249195339,10.176557989229206,1.2102126535999531,1.1189715912865292,2.1341163616229792,1.9111209052537967,1.1994240353723562,1.2234806675543313,1.7793901436026367,3.617794214603335,4.10925306598336,10.176557989229217,1.150899929254332,1.3985963217217758,2.1341163616229695,2.338882339181964,1.6935237356711115,1.1197151843059747,2.517771578068836,3.1768928694591443,10.732075284612478,11.372519396594914,1.1708543725769376,1.1070859669860136,2.118335622443081,2.3516173059916214,1.19942403537235,1.22633080721116,2.485369777973739,2.483492131425531,4.711168057594106,9.690074567296296,1.625580733552014,2.4394782216524584,2.3280044293299955,1.9111209052537967,1.6935237356711115,1.1229129274170666,2.5643437351738143,4.2976957815127825,4.118829893820127,11.201298539384553,1.1129152434895868,1.4783168479134998,2.1245876995259207,2.312151496155826,1.1590172539299095,2.6715592524942826,2.175722339867794,2.23371460256097,4.527031592972969,11.607851694202573,1.486968909167235,1.425894924080441,2.4627264427842803,3.9221584368467903,1.7513681852449947,3.16240092662665,1.8631389295072833,3.9722843393257348,3.7248754449402393,10.316858547774334,1.787584466589644
bwv807e.mid,0.6366864890682258,2.0182476223833064,1.3970364767079424,1.060322769263697,0.7196732987595937,0.8456940694996096,0.7867861541717422,0.713806036987064,3.751662279433667,0.0,4.135163149992939,4.896701702840664,3.119648165142289,3.2913838604383736,4.47779780027952,3.934972856752249,2.420252311280036,5.7558974696059515,11.755601069396288,3.039767545044823,4.125668955826315,5.026857713226217,3.119648165142288,3.3987375909805033,4.390925747338727,3.202785698524954,5.919985082864219,4.959937240569177,10.875864288192751,4.45448899674636,4.116329215574368,5.0247378811494094,3.1196481651422685,3.1795810512657727,4.444725579718318,3.9518512559214676,4.737556801183963,5.858074225867963,8.826002832576911,4.338216059857336,4.135163149992946,5.04529803811506,3.1196481651422845,3.4751890171585886,4.401549479118216,3.9518512559214676,5.522289347930922,5.680212457735124,10.176557989229206,4.379980724543891,4.069821234057207,4.90649790516129,3.1196481651422765,3.46290550168265,4.390886203004525,3.918164931065978,5.742740020503019,5.257461928771875,10.176557989229217,4.422435916914807,4.116218258487233,4.90649790516129,3.0634800618043867,3.295017832883409,4.40154947911822,3.8847587419681124,5.522289347930924,10.732075284612478,11.372519396594914,4.408152814270956,4.071159345036357,4.896701702840664,3.0468727005517184,3.4629055016826573,4.3908862030045235,2.1086561972428344,2.4857613712670172,6.289426941998405,9.690074567296296,4.4512816102538135,2.5297752810400986,5.02699010247944,3.1196481651422827,3.29501783288341,4.455652282468089,3.2644177763817455,6.082690803957744,5.993257860111417,11.201298539384553,3.4542247190221165,4.097819379513654,4.996136762964312,3.119648165142281,3.318544948375,4.520769117862905,3.2644177763817384,5.050700214481838,6.197358709687837,11.607851694202573,4.440102372550598,4.079086071654622,5.097863655698122,4.074922975418891,3.2253215189663003,4.520769117862905,3.934972856752238,5.919985082864219,5.67916921406178,10.316858547774334,2.98932031327669
cs1-2all_transp_12.mid,4.135163149992939,3.3648226340989726,4.135163149992939,4.135163149992939,4.135163149992939,4.135163149992939,3.8226530909876315,4.135163149992939,1.4380267915883325,4.135163149992939,0.0,3.8778990324961553,1.1691849392416356,0.9233144297981761,2.0157203098951824,1.991182071570928,2.1905942762959674,5.233380562201031,11.755601069396288,1.2034905905550541,0.6771284783314115,3.0922785563014754,1.1137326996404542,0.8361672929517638,1.6224678751724317,1.315209244711398,3.5696438657425595,2.5941876612808343,10.875864288192751,2.953561906043279,1.2959696447740159,3.1128761621564616,1.1110745390875567,0.9747217017510694,1.9496010427471786,1.5985768926337092,2.538646730167472,5.118578887862984,8.826002832576911,1.281437688696946,0.35582969034658873,3.1541292040296662,1.4043014946627093,0.8121682510038539,1.6432532656905972,1.9945877151145073,2.9182495710173084,4.782091999738922,10.176557989229206,1.3181051437538929,2.2483325403280725,2.852286090003166,1.6347636603757705,0.8063986066762041,1.6224678751724229,1.963950862482145,3.21515374102016,4.53609415183702,10.176557989229217,1.9084049616291567,0.3340983802769051,2.85228609000315,1.8064106239165132,0.8592849201334332,1.6432532656906007,1.9335687861710458,2.9182495710173084,10.732075284612478,11.372519396594914,1.8798387563414591,2.251008762286374,2.8327420880820435,1.8145911889051787,0.8063986066762112,1.62246787517243,2.7975705414962615,2.1153810966214532,4.308527584010932,9.690074567296296,1.3461946855300315,2.2432633449177253,3.0922785563014754,1.4868021112501668,0.8592849201334323,1.9714461310387845,1.6564937336806853,3.895055307929608,4.6469810735788695,11.201298539384553,1.2641884784657806,0.5079781779595782,2.4792764067541704,1.4043014946626968,0.8357578046418421,1.7637092510011536,1.2678723383746648,1.8310741289777948,4.575818824916528,11.607851694202573,2.9249957007555674,0.31281781776386275,3.259260439195793,3.41880941031257,0.9289812340505419,2.254550925133521,1.9792372418813446,3.8567493339090673,4.782337964207452,10.316858547774334,2.1902249401728193
cs1-3cou_transp_12.mid,4.896701702840664,4.88789973979442,4.896701702840664,4.896701702840664,4.896701702840664,4.896701702840664,4.896701702840664,4.896701702840664,2.439872240907823,4.896701702840664,3.8778990324961553,0.0,3.8360129918427246,4.074553278981453,4.62986535866758,2.817312195928837,4.473893278001439,2.643374677637233,11.755601069396288,3.68967387019285,3.824851784078235,1.671424954762612,3.8360129918427246,3.6689093810338127,3.3319800425890147,4.533327455487315,3.0824058373160526,2.479855121052058,10.875864288192751,1.7102538366980164,3.9047861186552257,1.6547932669374799,3.8360129918427246,3.7142225689581947,3.872091162180884,3.076633722784516,3.2696363247591087,3.2373932076241934,7.858602259472498,3.7089973756643886,3.8111723343136186,1.6215908065732183,4.237043582744752,3.629361247618905,3.3163472190124272,2.5254534169246012,4.03955747538471,3.064113817448721,10.176557989229206,3.650084894507776,2.276005549959268,1.865313022469624,3.8360129918427237,3.639296276280179,3.3319800425890147,2.795894873545083,3.2826095236324058,2.4144699943914674,10.176557989229217,3.590772170162155,3.8384685626295987,1.8653130224696337,4.263774425770894,3.775085481305549,2.838562579859948,3.176878263551872,4.039557475384706,10.732075284612478,11.372519396594914,3.6107266134847604,3.001093708055256,1.8810937616495265,4.276509392580536,3.639296276280173,3.3319800425890147,4.78548939203864,4.408384218014458,2.785450478315484,9.586745728911268,3.55105200160284,4.3643703082413765,1.5901413869994858,3.8360129918427255,3.775085481305542,2.791946291472059,4.858933680412768,2.898624778968137,2.8225194731778327,11.201298539384553,2.860759522238263,3.9181890888213227,1.720913449137674,4.23704358274475,3.5988894948377324,4.884604480141247,4.4892358217627155,2.8400270460784505,2.6013140136943473,11.607851694202573,1.7302064215652306,3.865767164988264,1.5367029413083255,4.884604480141247,4.145959619812825,4.884604480141247,3.0834846387042036,2.046566760047112,3.2226540570144477,10.316858547774334,3.790568333729115
cs3-1pre_transp_12.mid,3.617835856055663,2.3301680462244194,3.617835856055663,3.617835856055663,3.617835856055663,3.5830746344929016,2.9665979842198853,3.617835856055663,1.9111209052538092,3.119648165142289,1.1691849392416356,3.8360129918427246,0.0,1.430180138646263,3.0189912136558625,2.1178004352815094,1.8563055702257154,5.191494521547602,11.755601069396288,1.9127641424312993,1.623937828865147,4.095549460062156,2.0009463576523343,1.3248420057261305,2.625738778933112,1.0733882908712742,4.604298453617112,3.43244917497325,10.875864288192751,2.911675865389851,2.299240548534696,4.116147065917142,2.000946357652338,1.3538560269652034,2.952871946507859,1.8089579368614954,3.5419176339281524,5.391056129812265,8.826002832576911,2.194888945646695,1.486802111250162,4.157400107790346,0.8758195582001256,1.6580165956878536,2.6465241694512773,1.4163001082722246,3.9215204747779886,5.046654306923223,10.176557989229206,2.240528776552096,2.206446499674642,3.8555569937638463,1.8578221463528606,1.645733080211916,2.625738778933103,1.3856132770542198,4.249808328894712,4.0111869388645065,10.176557989229217,2.911675865389837,1.4650708011804783,3.8555569937638303,2.3966681020200546,1.3994504405660462,2.646524169451281,2.05466742101307,3.9215204747779886,10.732075284612478,11.372519396594914,2.8831096601021393,2.224708380311018,3.8360129918427237,2.4048486670087206,1.6457330802119232,2.62573877893311,1.7629159536217083,1.6390320801727238,5.343182171885484,9.690074567296296,2.05718757518202,2.2237970188624887,4.095549460062156,1.2744848961171709,1.290822953048142,2.9747170347994647,1.2382542081964507,4.9297098958041605,5.6502519773395505,11.201298539384553,2.179615165082751,1.4543441202102718,2.7566018138172987,0.8758195582001398,1.501372526904265,1.8058665236144824,1.0229206885700384,2.865728716852348,5.159045707264347,11.607851694202573,2.8831096601021393,1.443790238667436,4.262531342956473,2.707322368326653,1.3789783834746543,1.8058665236144824,1.8158088527811835,4.756715592393707,5.045214582365196,10.316858547774334,1.9127641424312993
cs3-2all_transp_12.mid,3.703703703703706,2.501903741520504,3.703703703703706,3.703703703703706,3.703703703703706,3.703703703703706,2.959734198409163,3.703703703703706,1.8311644312913051,3.2913838604383736,0.9233144297981761,4.074553278981453,1.430180138646263,0.0,2.9390347396933585,2.0378439613190054,1.3276753837174988,5.4300348086863295,11.755601069396288,1.037552826302787,0.907388537414664,4.0155929860996515,1.2647199525729103,0.4056438979476411,2.545782304970608,1.560783404248646,4.432562758321028,2.605392622416608,10.875864288192751,3.1502161525285777,2.219284074572192,4.036190591954638,1.193541038913394,0.653454259707555,2.8729154725453547,1.799848738776944,3.4619611599656483,5.315233134348283,8.826002832576911,1.2690247123072602,0.9233144297981726,4.077443633827842,1.018818700443834,1.5780601217253496,2.5665676954887733,1.8962732394475843,3.8415640008154845,4.978746246224221,10.176557989229206,1.6776908852200343,2.444986786813371,3.7756005198013423,1.6998884436060506,1.565776606249412,2.545782304970599,1.865636386815222,4.078072633598628,4.437779676170097,10.176557989229217,2.831719391427333,0.8915356081265378,3.7756005198013263,1.9047250995834362,0.31545107494471836,2.566567695488777,1.8352543105041228,3.8415640008154845,10.732075284612478,11.372519396594914,2.8031531861396353,2.4476630087716726,3.7560565178802197,1.9129056645721016,1.5657766062494192,2.545782304970606,1.934651648917793,1.2524622040429847,5.1714464765894,9.690074567296296,1.495155813100217,1.3803444523392567,4.0155929860996515,1.699888443606051,0.31545107494471836,2.8947605608369607,1.4937343358395907,4.757974200508077,5.5702955033770465,11.201298539384553,1.3736455562415557,0.8771610460541126,2.584866118521214,1.0188187004438363,1.421416052941761,1.6341308283183977,1.4937343358395996,2.6939930215562633,4.987310011968264,11.607851694202573,3.121649947240866,0.8616316233856418,4.182574868993969,2.495494980514394,0.6848736512042501,1.6341308283183977,1.8809227662144217,4.676759118431203,4.97899221069275,10.316858547774334,1.3273060475943508
cs3-3cou_transp_12.mid,4.47779780027952,4.058876188711306,4.47779780027952,4.47779780027952,4.47779780027952,4.47779780027952,4.47779780027952,4.47779780027952,2.189993117759757,4.47779780027952,2.0157203098951824,4.62986535866758,3.0189912136558625,2.9390347396933585,0.0,2.698472640476111,3.6568714998145744,5.562345244993686,11.755601069396288,2.8726520920059873,2.0316462022786945,2.9584404039049677,3.0189912136558625,2.851887602846946,1.8869087934038946,3.3309295546065805,2.8843745651694004,2.9889905779037704,10.875864288192751,3.7055282322147036,1.2369213800350418,3.4787677719139616,3.0189912136558634,2.554296506810328,0.7577741964866958,2.21015247509708,1.8639247140923416,5.504944407824663,8.696410064594787,2.891411127614764,2.015720309895186,3.511970232278232,3.4200218045578916,1.3643830364314127,1.7224117373392795,2.70187828401969,2.0889830953028046,5.336700963762631,10.176557989229206,1.4829062402438424,3.000298866499497,3.268248016381822,3.01899121365585,1.376666551907351,1.8842910603204084,2.671241431387328,2.5298844404470007,4.939516321086623,10.176557989229217,1.5422134405039207,2.0474991315668207,3.268248016381812,3.4467526475840176,2.801394044073165,1.8172138198390142,2.6408593550762287,2.08898309530281,10.732075284612478,11.372519396594914,1.5222608556367145,3.0029750884577986,3.252467277201924,3.459487614393675,1.376666551907344,1.819237847576007,3.5932400863757925,3.5913624398275843,3.6232582834377727,9.690074567296296,2.7334510419540674,3.547348530054512,3.462136084088838,3.01899121365585,2.801394044073165,1.8764926420561192,3.6722140435758677,3.209786007356449,4.157581425703468,11.201298539384553,1.7710572710926549,2.061873693639246,3.1865669756593533,3.420021804557879,1.534671544013717,3.779429560896336,3.283592648269847,1.7898383125891293,4.959378657626377,11.607851694202573,3.676962026926992,2.0774031163077167,3.596858097543123,4.4760935910478175,2.859238493647048,4.270271235028703,2.6865278107865276,4.608715660080492,5.336823945996896,10.316858547774334,2.8754942407459785
cs3-5bou_transp_12.mid,4.025498201860643,3.3429012318609264,4.025498201860643,4.025498201860643,4.025498201860643,4.025498201860643,4.025498201860641,4.025498201860643,1.962963474227894,3.934972856752249,1.991182071570928,2.817312195928837,2.1178004352815094,2.0378439613190054,2.698472640476111,0.0,2.7556807214402212,3.8530025789021263,11.755601069396288,2.228023114337784,2.176493432733314,2.0137791011158948,2.5406679236048717,1.950696824472593,2.4942585766602905,2.464849668508162,3.788973762007153,3.43244917497325,10.875864288192751,2.435935982767166,2.6406987220436484,2.8574305092345513,2.5406679236048735,1.745907042873422,2.25044911174715,2.076285675540512,1.73257819662288,4.1497322163504435,8.826002832576911,2.3797979797979796,1.9911820715709379,3.270236830487245,2.5188310261835385,1.8062927745228774,1.9242324008650913,1.4617601560480074,2.993582292140557,4.02267236027763,10.176557989229206,2.42697646436391,1.5358000872498367,2.7017387010359677,2.117800435281497,1.7992796245872662,2.4942585766602905,1.4337493193555693,3.434483637284753,3.7069772591204995,10.176557989229217,2.4163875006864757,2.01566028109968,2.70261050794939,3.667060280953578,1.9002032656988117,2.0288778293141974,1.4157552813214087,2.9935822921405624,10.732075284612478,11.372519396594914,2.4595541328997585,1.5227911330096084,2.690135003240681,3.667060280953578,1.7992796245872618,2.4942585766602896,2.6920493080014394,2.690171661453231,4.527857480275525,9.690074567296296,2.4245683380407543,2.6461577516801587,2.7458331629499053,2.117800435281497,1.9002032656988117,1.692102995589007,2.7710232652015145,4.1143852041942015,4.084933504095968,11.201298539384553,2.4757140479470827,1.8038369447593947,2.8242399231462727,2.518831026183526,1.7316718418406487,2.878238782521983,2.4238452820374246,2.182341388164599,4.343721015654388,11.607851694202573,2.4085833150864886,2.0397748461953453,2.9433681982866053,4.025498201860641,2.004966956891484,3.36908045665435,1.447725437663414,3.788973762007153,4.02299980181729,10.316858547774334,2.228023114337784
cs3-6gig_transp_12.mid,2.5663425598005603,1.2773487702986728,3.039866011844956,3.0240312459845713,2.483621509224787,2.4271349460714875,2.046868937892289,2.677514513707939,2.549001191412521,2.420252311280036,2.1905942762959674,4.473893278001439,1.8563055702257154,1.3276753837174988,3.6568714998145744,2.7556807214402212,0.0,5.562345244993686,11.755601069396288,1.9929214937151487,2.171605887962719,4.733429746220867,2.304775201297489,1.4350291142596285,3.2636190650918238,1.239077221804079,5.760238142038526,3.840142457448443,10.875864288192751,3.549556151548563,2.937120834693408,4.754027352075854,2.3047752012974865,1.6088229271199168,3.5907522326665706,2.054180394430939,4.179797920086864,5.662126049126018,8.826002832576911,2.596700096024759,2.1905942762959816,4.795280393949058,1.8539456709694875,2.2958968818465655,3.284404455609989,2.569827667479405,4.96484667217193,5.489925137681498,10.176557989229206,2.6802294253978713,2.8443267858333563,4.493437279922558,1.2807265125195655,2.283613366370628,3.263619065091815,2.539190814847043,5.405748017316126,4.939516321086623,10.176557989229217,3.5495561515485488,2.1527044932845554,4.493437279922542,1.233117668521066,1.3313093561625342,3.2844044556099927,2.5088087385359437,4.9648466721719355,10.732075284612478,11.372519396594914,3.520989946260851,2.8625886664697298,4.4738932780014355,1.2393512365402808,2.283613366370635,3.263619065091822,0.8771766426269636,0.39725365863898787,6.289426941998405,9.690074567296296,2.8228311968177158,1.7364749619564508,4.733429746220867,1.6787658306064488,1.331309356162535,3.6125973209581765,1.3007092996608707,6.082690803957744,5.906783696532919,11.201298539384553,2.484879718625648,2.13411090279278,3.912541502238713,1.8539456709695061,2.139252813062977,2.9618062120358966,1.3007092996608636,4.021668405273761,6.197358709687837,11.607851694202573,3.520989946260851,2.115377594933748,4.900411629115185,2.1112144986980175,1.640242318616612,2.9618062120358966,2.5544771942462425,5.760238142038526,5.489205275402483,10.316858547774334,1.6958224965460982
bwv807b_transp_12.mid,5.7558974696059515,5.7558974696059515,5.7558974696059515,5.7558974696059515,5.7558974696059515,5.7558974696059515,5.7558974696059515,5.7558974696059515,3.7953537706126994,5.7558974696059515,5.233380562201031,2.643374677637233,5.191494521547602,5.4300348086863295,5.562345244993686,3.8530025789021263,5.562345244993686,0.0,11.755601069396288,5.045155399897727,5.180333313783111,3.0442936658574515,5.191494521547602,5.024390910738688,4.687461572293891,5.562345244993686,4.437887367020929,3.448844344805188,10.239933637173603,2.7477134782998585,5.260267648360102,3.0102747966423564,5.191494521547602,5.06970409866307,5.22757269188576,4.076271764807924,4.625117854463985,1.157838543959281,6.140210725941923,5.064478905369265,5.166653864018494,2.977072336278095,5.562345244993686,4.984842777323781,4.671828748717303,3.954433593661805,5.395039005089586,0.9917561736157952,8.841321039246509,5.0055664242126525,3.756974250284851,3.2207945521745005,5.1914945215476,4.994777805985056,4.687461572293891,3.8530025789021263,4.638091053337282,1.2454301892821764,9.228131070484022,4.946253699867031,5.193950092334475,3.2207945521745103,5.562345244993686,5.130567011010426,4.194044109564825,4.076271764807924,5.395039005089583,9.952355630013056,11.233243853977928,4.966208143189636,3.774506905799381,3.236575291354403,5.562345244993686,4.9947778059850485,4.687461572293891,5.7558974696059515,5.562345244993686,2.654844706603976,7.868354195380693,4.906533531307716,5.562345244993686,2.9456229167043624,5.191494521547602,5.1305670110104185,4.108854246316337,5.562345244993686,4.254106308673013,1.8277654626689888,10.890802139557202,4.262632437152483,5.273670618526198,3.0763949788425506,5.562345244993686,4.954371024542608,5.562345244993686,5.562345244993686,4.195508575783327,1.205933174734616,11.607851694202573,2.7676679216224533,5.22124869469314,2.892184471013202,5.562345244993686,5.501441149517701,5.562345244993686,4.076271764807924,3.1052875923491454,1.507011333742673,9.121922156336765,5.431693579398841
