,cs1-2all.mid,cs1-3cou.mid,cs3-1pre.mid,cs3-2all.mid,cs3-3cou.mid,cs3-5bou.mid,cs3-6gig.mid,bwv807b.mid,bwv807c.mid,bwv807e.mid,cs1-2all_transp_12.mid,cs1-3cou_transp_12.mid,cs3-1pre_transp_12.mid,cs3-2all_transp_12.mid,cs3-3cou_transp_12.mid,cs3-5bou_transp_12.mid,cs3-6gig_transp_12.mid,bwv807b_transp_12.mid,bwv807c_transp_12.mid,bwv807e_transp_12.mid,cs1-2all_transp_21.mid,cs1-3cou_transp_21.mid,cs3-1pre_transp_21.mid,cs3-2all_transp_21.mid,cs3-3cou_transp_21.mid,cs3-5bou_transp_21.mid,cs3-6gig_transp_21.mid,bwv807b_transp_21.mid,bwv807c_transp_21.mid,bwv807e_transp_21.mid,cs1-2all_transp_6.mid,cs1-3cou_transp_6.mid,cs3-1pre_transp_6.mid,cs3-2all_transp_6.mid,cs3-3cou_transp_6.mid,cs3-5bou_transp_6.mid,cs3-6gig_transp_6.mid,bwv807b_transp_6.mid,bwv807c_transp_6.mid,bwv807e_transp_6.mid,cs1-2all_transp_15.mid,cs1-3cou_transp_15.mid,cs3-1pre_transp_15.mid,cs3-2all_transp_15.mid,cs3-3cou_transp_15.mid,cs3-5bou_transp_15.mid,cs3-6gig_transp_15.mid,bwv807b_transp_15.mid,bwv807c_transp_15.mid,bwv807e_transp_15.mid,cs1-2all_transp_19.mid,cs1-3cou_transp_19.mid,cs3-1pre_transp_19.mid,cs3-2all_transp_19.mid,cs3-3cou_transp_19.mid,cs3-5bou_transp_19.mid,cs3-6gig_transp_19.mid,bwv807b_transp_19.mid,bwv807c_transp_19.mid,bwv807e_transp_19.mid,cs1-2all_transp_1.mid,cs1-3cou_transp_1.mid,cs3-1pre_transp_1.mid,cs3-2all_transp_1.mid,cs3-3cou_transp_1.mid,cs3-5bou_transp_1.mid,cs3-6gig_transp_1.mid,bwv807b_transp_1.mid,bwv807c_transp_1.mid,bwv807e_transp_1.mid,cs1-2all_transp_11.mid,cs1-3cou_transp_11.mid,cs3-1pre_transp_11.mid,cs3-2all_transp_11.mid,cs3-3cou_transp_11.mid,cs3-5bou_transp_11.mid,cs3-6gig_transp_11.mid,bwv807b_transp_11.mid,bwv807c_transp_11.mid,bwv807e_transp_11.mid,cs1-2all_transp_4.mid,cs1-3cou_transp_4.mid,cs3-1pre_transp_4.mid,cs3-2all_transp_4.mid,cs3-3cou_transp_4.mid,cs3-5bou_transp_4.mid,cs3-6gig_transp_4.mid,bwv807b_transp_4.mid,bwv807c_transp_4.mid,bwv807e_transp_4.mid,cs1-2all_transp_14.mid,cs1-3cou_transp_14.mid,cs3-1pre_transp_14.mid,cs3-2all_transp_14.mid,cs3-3cou_transp_14.mid,cs3-5bou_transp_14.mid,cs3-6gig_transp_14.mid,bwv807b_transp_14.mid,bwv807c_transp_14.mid,bwv807e_transp_14.mid,cs1-2all_transp_18.mid,cs1-3cou_transp_18.mid,cs3-1pre_transp_18.mid,cs3-2all_transp_18.mid,cs3-3cou_transp_18.mid,cs3-5bou_transp_18.mid,cs3-6gig_transp_18.mid,bwv807b_transp_18.mid,bwv807c_transp_18.mid,bwv807e_transp_18.mid
cs1-2all.mid,0.0,3.3419110756321606,0.7138781808297212,1.153014684049948,0.634836923298038,0.733150616395112,1.8435203404773306,1.6516190726669038,2.8751029946585094,0.8941523823903017,4.558726706036516,8.381536646717443,3.0276777293494757,5.10940978930463,5.930320715236229,5.7748244747027115,5.015289383976377,9.469184385344587,17.79079307170695,5.772091549038182,4.534505476822176,8.603538168977948,3.2230248432301964,5.22855309900933,7.5215205288785185,2.6985451287112925,9.706483657473626,6.8829357789723105,10.876462803964813,7.402726320840484,3.653358823356653,8.621148983746554,3.2230248432302053,4.347448772737076,5.89776029406285,5.48887462169297,9.47048045243746,9.638579053151346,9.45124447636157,6.115935245175708,4.558726706036531,8.656306474240882,3.247979835630554,4.924451332157718,7.536883653570204,5.488874621692977,9.141829682539218,9.38661419030251,10.439447535182836,5.497946458437264,3.915193898448158,8.398244898206197,2.65742379072503,4.909900655323078,7.521520528878526,5.440911790768212,9.454161348744815,6.8601179411572755,10.439447535182836,6.12043561671622,4.510395705944031,8.398244898206201,2.635426448020839,4.71137517662407,7.536883653570207,5.393349314105011,9.141829682539221,10.81662347000712,11.372118470114227,6.119666526570565,3.915193898448158,8.381536646717443,2.7796978937189216,4.9099006553230655,7.521520528878522,2.8277452869570796,5.151593888531245,6.894264226483765,10.537130235242476,6.121996135365928,5.175204196556592,8.603538168977948,3.0276777293494757,4.71137517662407,5.908511026861161,2.718685835108486,9.938976869994331,9.858605222561767,11.201398862368517,5.997131401880528,4.486396629167658,8.551136954467115,3.247979835630554,3.6467378584683194,5.974419310334978,2.718685835108486,10.013271331884741,7.5,11.60715975777962,7.37980096421423,4.4627846410551175,8.746194873858094,2.657423790725039,4.412255633001395,5.974419310334978,5.464842847853589,9.706483657473619,9.345022363828711,10.509333179037512,5.772091549038182
cs1-3cou.mid,3.3419110756321606,0.0,3.860520268050781,3.88806660093932,2.7070741523341226,3.964916248779071,2.8068951322483695,2.3880955491720846,1.5698178700264718,2.704876630163744,2.7175130952718316,8.322074975697848,1.3488349372843214,2.1881572441024773,3.41964311273542,3.1086506316683824,2.0615715099120386,9.469184385344587,17.79079307170695,3.128142654435022,2.940275195813788,8.603538168977948,1.8026070834206198,2.3408491405205787,6.602042740019998,1.5735751305504122,9.706483657473626,5.32487324020758,10.876462803964813,6.364454323943928,2.689985015844936,8.621148983746554,1.8026070834206198,2.2290599898348598,3.35452227038866,3.132682405507772,9.47048045243746,9.638579053151346,9.45124447636157,3.7908721726143746,2.931669744645344,8.656306474240882,1.3521767301875922,2.5134252831039943,6.632768989403369,3.1326824055077793,9.141829682539218,9.38661419030251,10.439447535182836,3.545990507617253,2.862847275796776,8.355491478675358,0.9197645600899196,2.5015939416249404,6.602042740020012,3.084719574583014,9.454161348744815,5.379256681602268,10.439447535182836,3.799872915695399,2.893911180509452,8.355491478675365,1.4312859530495823,2.3400149179596372,6.632768989403374,3.0371570979198133,9.141829682539221,10.81662347000712,11.372118470114227,3.798334735404092,2.689985015844936,8.322074975697848,1.4487145539054138,2.5015939416249404,6.602042740020005,1.6300723817863476,2.1903294264369446,5.347530135230489,10.537130235242476,3.8029939529948162,3.027153085573982,8.603538168977948,1.3488349372843214,2.1688859555740967,3.3760237359852834,1.5937158369476059,9.938976869994331,9.858605222561767,11.201398862368517,3.6409391856953306,2.875161342614188,8.551136954467115,1.3521767301875922,2.362643257895998,3.5078403029329177,1.5937158369476059,10.013271331884741,6.559001682262959,11.60715975777962,6.318603610691419,2.8567135516671804,8.746194873858094,2.087813411258205,2.2730101034284296,3.5078403029329177,3.1086506316683913,9.706483657473619,9.345022363828711,10.509333179037512,3.128142654435022
cs3-1pre.mid,0.7138781808297212,3.860520268050781,0.0,0.7413409732116056,1.1562243002127746,0.7346382319025118,2.4340763853828458,2.0518385515750106,3.51862846392543,1.4661896649045483,5.0,8.381536646717443,3.667501785944296,5.314577780919759,5.930320715236229,5.7748244747027115,5.117795745128728,9.469184385344587,17.79079307170695,5.772091549038182,5.0,8.603538168977948,3.8665503124971172,5.39092372912881,7.5215205288785185,3.2857714956560278,9.706483657473626,6.8829357789723105,10.876462803964813,7.402726320840484,4.132323938030119,8.621148983746554,3.866550312497126,4.778699426290617,5.89776029406285,5.7868403616224064,9.47048045243746,9.638579053151346,9.45124447636157,6.115935245175708,5.0,8.656306474240882,3.913169368010057,5.2575036885316155,7.536883653570204,5.78684036162241,9.141829682539218,9.38661419030251,10.439447535182836,5.791376279994553,4.3268676092865,8.398244898206197,3.247979835630545,5.250228350114297,7.521520528878526,5.762858946160026,9.454161348744815,6.8601179411572755,10.439447535182836,6.12043561671622,5.0,8.398244898206201,3.2752505046156593,5.150965610764793,7.536883653570207,5.739077707828427,9.141829682539221,10.81662347000712,11.372118470114227,6.119666526570565,4.3268676092865,8.381536646717443,3.419521950313742,5.2502283501142895,7.521520528878522,3.446506903114744,5.179386470711327,6.894264226483765,10.537130235242476,6.121996135365928,5.382880120731054,8.603538168977948,3.667501785944296,5.150965610764793,5.908511026861161,3.337282068557726,9.938976869994331,9.858605222561767,11.201398862368517,6.040968751716186,5.0,8.551136954467115,3.913169368010057,4.1941864447229715,5.974419310334978,3.337282068557726,10.013271331884741,7.5,11.60715975777962,7.37980096421423,5.0,8.746194873858094,3.247979835630554,4.823929343839739,5.974419310334978,5.774824474702715,9.706483657473619,9.345022363828711,10.509333179037512,5.772091549038182
cs3-2all.mid,1.153014684049948,3.88806660093932,0.7413409732116056,0.0,1.5945340685162384,0.9619088993146487,2.9590571872875095,1.8654220417930745,3.866555938615188,1.4733543435039262,5.321766403794179,8.381536646717443,3.6950481188328386,5.314577780919759,5.930320715236229,5.7748244747027115,5.25128491382454,9.469184385344587,17.79079307170695,5.772091549038182,5.309655789187008,8.603538168977948,3.6950481188328386,5.39092372912881,7.5215205288785185,3.0355848968115167,9.706483657473626,6.8829357789723105,10.876462803964813,7.402726320840484,4.1823075194949535,8.621148983746554,4.180243007859337,5.2161274371444595,5.89776029406285,5.7868403616224064,9.47048045243746,9.638579053151346,9.45124447636157,6.115935245175708,5.321766403794186,8.656306474240882,4.180243007859344,5.425573308151662,7.536883653570204,5.78684036162241,9.141829682539218,9.38661419030251,10.439447535182836,5.791376279994553,5.0,8.398244898206197,3.6950481188328244,5.416868683223617,7.521520528878526,5.762858946160026,9.454161348744815,6.8601179411572755,10.439447535182836,6.12043561671622,5.297600903747936,8.398244898206201,3.447068283202279,5.297908593099862,7.536883653570207,5.739077707828427,9.141829682539221,10.81662347000712,11.372118470114227,6.119666526570565,5.0,8.381536646717443,3.447068283202279,5.41686868322361,7.521520528878522,3.1885115433738953,5.315663872086992,6.894264226483765,10.537130235242476,6.121996135365928,5.382880120731054,8.603538168977948,3.6950481188328332,5.297908593099866,5.908511026861161,3.08209472774484,9.938976869994331,9.858605222561767,11.201398862368517,6.040968751716186,5.285601365359749,8.551136954467115,4.18024300785933,4.7997525425182666,5.974419310334978,3.0820947277448463,10.013271331884741,7.5,11.60715975777962,7.37980096421423,5.27379537130348,8.746194873858094,3.6950481188328332,5.248530867276619,5.974419310334978,5.774824474702715,9.706483657473619,9.345022363828711,10.509333179037512,5.772091549038182
cs3-3cou.mid,0.634836923298038,2.7070741523341226,1.1562243002127746,1.5945340685162384,0.0,1.2578420964449482,1.3645231187712712,1.6216212994881998,2.3899695220505706,0.45923513789632153,4.117207321570227,8.381536646717443,2.5112774857315214,4.593009545686675,5.773370457703795,5.462377976636757,4.498889140358422,9.469184385344587,17.79079307170695,5.456912125307699,4.092986092355886,8.603538168977948,2.7378913706222576,4.723182032615744,7.5215205288785185,2.2054372634712944,9.706483657473626,6.8829357789723105,10.876462803964813,7.402726320840484,3.160250958116655,8.621148983746554,2.7378913706222665,3.9059293882707866,5.708249615357035,5.047355237226681,9.47048045243746,9.638579053151346,9.45124447636157,5.705545004333283,4.117207321570241,8.656306474240882,2.8700497761260957,4.427736404294567,7.536883653570204,5.047355237226688,9.141829682539218,9.38661419030251,10.439447535182836,5.0564270739709745,3.4736745139818677,8.398244898206197,2.1607088628618802,4.413185727459927,7.521520528878526,4.999392406301922,9.454161348744815,6.8601179411572755,10.439447535182836,6.12043561671622,4.068876321477742,8.398244898206201,2.1190262044028847,4.21466024876092,7.536883653570207,4.951829929638722,9.141829682539221,10.81662347000712,11.372118470114227,6.119666526570565,3.4736745139818677,8.381536646717443,2.2632976501009674,4.413185727459915,7.521520528878522,2.3132288977421522,4.569263611659576,6.894264226483765,10.537130235242476,5.717666784713725,4.678489268693442,8.603538168977948,2.5112774857315214,4.21466024876092,5.729751080953658,2.225577969868488,9.938976869994331,9.858605222561767,11.201398862368517,5.820800520118654,4.044877244701368,8.551136954467115,2.8700497761260957,3.205218474002029,5.861567647901293,2.225577969868488,10.013271331884741,7.5,11.60715975777962,7.37980096421423,4.021265256588828,8.746194873858094,2.160708862861889,3.970736248535106,5.861567647901293,5.0233234633873,9.706483657473619,9.345022363828711,10.509333179037512,5.456912125307699
cs3-5bou.mid,0.733150616395112,3.964916248779071,0.7346382319025118,0.9619088993146487,1.2578420964449482,0.0,2.1960877847438445,2.101496996557315,3.4239759181008926,1.2600396186153269,4.9487719875428,8.381536646717443,3.217977771003124,5.114314945727148,5.930320715236229,5.7748244747027115,4.920475208668686,9.469184385344587,17.79079307170695,5.772091549038182,4.92455075832846,8.603538168977948,3.7718977666725912,5.26700684214525,7.5215205288785185,3.064025212579214,9.706483657473626,6.8829357789723105,10.876462803964813,7.402726320840484,4.018838907224573,8.621148983746554,3.7718977666725886,4.73749405424336,5.89776029406285,5.7868403616224064,9.47048045243746,9.638579053151346,9.45124447636157,6.115935245175708,4.948771987542814,8.656306474240882,3.82041089147162,5.1563857962577675,7.536883653570204,5.78684036162241,9.141829682539218,9.38661419030251,10.439447535182836,5.791376279994553,4.305239179954441,8.398244898206197,3.155819517285077,5.138976546401677,7.521520528878526,5.762858946160026,9.454161348744815,6.8601179411572755,10.439447535182836,6.12043561671622,4.900440987450315,8.398244898206201,3.186324284066811,4.901056366154165,7.536883653570207,5.739077707828427,9.141829682539221,10.81662347000712,11.372118470114227,6.119666526570565,4.305239179954441,8.381536646717443,3.3626540045652025,5.138976546401663,7.521520528878522,3.120522463815149,5.151593888531245,6.894264226483765,10.537130235242476,6.121996135365928,5.250919625349738,8.603538168977948,3.2179777710031354,4.901056366154172,5.908511026861161,3.0841659189764075,9.938976869994331,9.858605222561767,11.201398862368517,6.040968751716186,4.876441910673941,8.551136954467115,3.82041089147162,4.036783139974602,5.974419310334978,3.0841659189764075,10.013271331884741,7.5,11.60715975777962,7.37980096421423,4.852829922561401,8.746194873858094,2.7331392195181845,4.802300914507679,5.974419310334978,5.774824474702715,9.706483657473619,9.345022363828711,10.509333179037512,5.772091549038182
cs3-6gig.mid,1.8435203404773306,2.8068951322483695,2.4340763853828458,2.9590571872875095,1.3645231187712712,2.1960877847438445,0.0,1.5513678960880757,2.5136221492442328,1.7863834584933098,3.4649836906658544,8.381536646717443,2.613876650141882,4.695608710097035,5.351105740255051,4.115572564022576,4.6014883047687825,9.469184385344587,17.79079307170695,5.152040689634312,3.779439165537842,8.603538168977948,2.61387665014189,4.823003012529991,7.5215205288785185,2.309834181414879,9.706483657473626,6.126580791722105,10.876462803964813,6.914604036891564,3.2646478760602395,8.621148983746554,2.641771053144674,3.923295667092561,5.280763096097052,3.6828321184554094,9.47048045243746,9.638579053151346,9.45124447636157,4.436144066691542,3.4649836906658544,8.656306474240882,2.9976109984985646,4.293906692613488,7.182918702351005,3.6828321184554165,9.141829682539218,9.38661419030251,10.439447535182836,4.74963116286801,3.4649836906658544,8.398244898206197,2.0599566544724315,4.278494401086473,7.521520528878526,3.634869287530651,9.454161348744815,6.485462062689747,10.439447535182836,4.806794848049593,3.5566770649958857,8.398244898206201,2.2216253688132452,4.067947468529066,7.18291870235101,3.5873068108674504,9.141829682539221,10.81662347000712,11.372118470114227,4.805256667758286,3.190924459334573,8.381536646717443,2.365896814511328,4.278494401086473,7.1521924529676415,2.4182886477459755,4.669084591573823,6.493453678585212,10.537130235242476,4.621966114151466,3.5566770649958857,8.603538168977948,2.613876650141882,4.067947468529066,5.303995836652247,2.3299748878120727,9.938976869994331,9.858605222561767,11.201398862368517,5.820800520118654,3.5566770649958857,8.551136954467115,2.9976109984985646,3.15273939893813,5.44627335968406,2.3299748878120727,10.013271331884741,7.109151395210596,11.60715975777962,6.868753323639055,3.65355395392032,8.746194873858094,1.454332595563387,3.980600507179532,5.44627335968406,3.6588003446160284,9.706483657473619,9.345022363828711,10.509333179037512,4.801506075473869
bwv807b.mid,1.6516190726669038,2.3880955491720846,2.0518385515750106,1.8654220417930745,1.6216212994881998,2.101496996557315,1.5513678960880757,0.0,2.0011338968221137,1.5439905070796809,3.846319348293391,8.381536646717443,2.039072709347767,4.2853424845678205,5.516828353200763,5.205835872133726,4.026684363974669,9.469184385344587,17.79079307170695,5.200370020804668,3.82209811907905,8.603538168977948,2.247979835630545,4.438034380985922,7.5215205288785185,1.8010941861567558,9.706483657473626,6.8829357789723105,10.876462803964813,7.402726320840484,2.391426159020977,8.621148983746554,2.3148209660662635,3.6350414149939505,5.451707510854003,4.7764672639498436,9.47048045243746,9.638579053151346,9.45124447636157,5.434657031056446,3.846319348293405,8.656306474240882,2.3148209660662706,4.171194299791535,7.536883653570204,4.776467263949851,9.141829682539218,9.38661419030251,10.439447535182836,4.7855391006941375,3.2027865407050315,8.398244898206197,1.9041667583588477,4.156643622956896,7.521520528878526,4.728504433025085,9.454161348744815,6.8601179411572755,10.439447535182836,5.8970581561607425,3.7979883482009056,8.398244898206201,1.6561869227283026,3.958118144257888,7.536883653570207,4.680941956361885,9.141829682539221,10.81662347000712,11.372118470114227,5.895519975869435,3.2027865407050315,8.381536646717443,1.7910928737172132,4.156643622956883,7.521520528878522,1.6120567447584682,4.250285008497537,6.894264226483765,10.537130235242476,5.446778811436888,4.42194716419041,8.603538168977948,2.039072709347767,3.958118144257888,5.473208976450627,1.785226418725348,9.938976869994331,9.858605222561767,11.201398862368517,5.432693913954521,3.773989271424532,8.551136954467115,2.3148209660662564,2.934330500725193,5.605025543398261,1.785226418725348,10.013271331884741,7.5,11.60715975777962,7.37980096421423,3.750377283311992,8.746194873858094,1.9041667583588566,3.6998482752582698,5.605025543398261,4.752435490110463,9.706483657473619,9.345022363828711,10.509333179037512,5.200370020804668
bwv807c.mid,2.8751029946585094,1.5698178700264718,3.51862846392543,3.866555938615188,2.3899695220505706,3.4239759181008926,2.5136221492442328,2.0011338968221137,0.0,2.6938822098209885,1.9122984600757889,8.381536646717443,1.7765947727049065,2.541454021915307,3.7729398905482494,3.461947409481212,2.1478899503332443,9.469184385344587,17.79079307170695,3.456481558152154,1.9122984600757889,8.603538168977948,1.7765947727048994,2.694145918333408,6.955339517832828,2.1631808082567803,9.706483657473626,4.967524201827539,10.876462803964813,6.0071052855638865,1.6010374764554265,8.621148983746554,1.518645936592785,1.8486524517105125,3.7078190482014897,2.7753333671277307,9.47048045243746,9.638579053151346,9.45124447636157,3.437424586758299,1.9122984600757889,8.656306474240882,1.5667119342080724,2.4273058371390217,6.275419951023327,2.775333367127738,9.141829682539218,9.38661419030251,10.439447535182836,2.7844052038720246,1.5042197471807075,8.398244898206197,1.8325136745471982,2.412755160304382,6.955339517832842,2.746994210964713,9.454161348744815,5.63253434239034,10.439447535182836,4.153169693508229,1.9122984600757889,8.398244898206201,1.9440810981577012,2.2142296816053744,6.275419951023332,2.7265278891688904,9.141829682539221,10.81662347000712,11.372118470114227,4.1516315132169215,1.5042197471807075,8.381536646717443,1.8001261125107364,2.4127551603043695,6.244693701639964,1.7004824527968476,2.403129790003634,5.7008269130433185,10.537130235242476,3.5940362327846476,2.6780587015378963,8.603538168977941,1.7765947727049136,2.2142296816053744,3.729320513798113,2.147313040825372,9.938976869994331,9.858605222561767,11.201398862368517,3.553899500313097,1.9122984600757889,8.551136954467115,1.5667119342080724,1.5913834405316019,3.8611370807457472,2.147313040825372,10.013271331884741,6.201652643882918,11.60715975777962,5.961254572311377,1.9122984600757889,8.746194873858094,2.565319032388784,1.8369137428543967,3.8611370807457472,2.75730917715099,9.706483657473619,9.345022363828711,10.509333179037512,3.456481558152154
bwv807e.mid,0.8941523823903017,2.704876630163744,1.4661896649045483,1.4733543435039262,0.45923513789632153,1.2600396186153269,1.7863834584933098,1.5439905070796809,2.6938822098209885,0.0,4.539067661292265,8.381536646717443,2.5118581480572573,4.602869501537871,5.8343553701708135,5.523362889103776,4.499469802684159,9.469184385344587,17.79079307170695,5.517897037774718,4.514846432077924,8.603538168977948,2.6363793198497323,4.755561397955972,7.5215205288785185,2.250110747725003,9.706483657473626,6.8829357789723105,10.876462803964813,7.402726320840484,3.1397581482374264,8.621148983746554,3.0075692790651383,4.327789727992824,5.769234527824054,5.469215576948718,9.47048045243746,9.638579053151346,9.45124447636157,6.115935245175708,4.539067661292279,8.656306474240882,3.0075692790651454,4.746681470007232,7.536883653570204,5.469215576948725,9.141829682539218,9.38661419030251,10.439447535182836,5.478287413693012,3.8955348537039063,8.398244898206197,2.221693775328898,4.729272220151142,7.521520528878526,5.42125274602396,9.454161348744815,6.8601179411572755,10.439447535182836,6.12043561671622,4.490736661199779,8.398244898206201,2.1196068667286205,4.49135203990363,7.536883653570207,5.373690269360759,9.141829682539221,10.81662347000712,11.372118470114227,6.119666526570565,3.8955348537039063,8.381536646717443,2.2638783124267032,4.7292722201511275,7.521520528878522,2.420303692524776,4.567066089489197,6.894264226483765,10.537130235242476,6.121996135365928,4.73947418116046,8.603538168977948,2.5118581480572573,4.491352039903637,5.790735993420677,2.3110788579677575,9.938976869994331,9.858605222561767,11.201398862368517,5.977472357136277,4.466737584423406,8.551136954467115,3.007569279065131,3.6270788137240677,5.922552560368311,2.3110788579677575,10.013271331884741,7.5,11.60715975777962,7.37980096421423,4.443125596310866,8.746194873858094,2.221693775328907,4.392596588257144,5.922552560368311,5.445183803109337,9.706483657473619,9.345022363828711,10.509333179037512,5.517897037774718
cs1-2all_transp_12.mid,4.558726706036516,2.7175130952718316,5.0,5.321766403794179,4.117207321570227,4.9487719875428,3.4649836906658544,3.846319348293391,1.9122984600757889,4.539067661292265,0.0,8.357372871935755,2.3955529719578,1.5590011393846055,2.579508504244586,2.5799747161258795,1.5882461620080068,8.294835963100816,17.79079307170695,2.015433118921882,0.865271456500496,8.436365581754778,2.3955529719578,2.051405776519527,5.043041057757039,2.691167224024033,8.769434507358895,3.9510313044771426,10.876462803964813,4.161919834092609,1.908293571295685,8.62114898374655,1.752020164369446,0.7877036294621975,2.1441555253846225,2.5782803329369273,8.297428097286563,8.633625298714332,8.258956145134778,1.69786972103293,0.5814924623653539,8.656306474240882,1.9624771344225422,1.1572991219010582,4.43023449955205,1.7208842663486479,7.640126557490079,8.690044727657451,10.235362262777315,1.69786972103293,1.3515505713367855,8.390789374913265,2.679146642170564,1.1418868303740428,5.043041057757053,2.5816590232853223,8.26478988990127,4.200213369178391,10.235362262777315,2.24087123343244,0.5897071457721386,8.390789374913258,2.6435328075883593,0.9313398978166365,4.430234499552055,2.5849977244238413,7.640126557490083,10.81662347000712,11.372118470114227,2.2393330531411326,1.3344796175575606,8.357372871935755,2.6435328075883593,1.1418868303740428,4.399508250168687,2.6101222250917964,1.8974873555633582,4.216196600969322,10.430727662896594,1.69786972103293,0.7657602414621074,8.436365581754782,2.3955529719578,0.9313398978166365,2.5323986006417822,2.6622527708442103,9.234420932400305,9.073677637535173,11.201398862368517,2.8708902840362054,0.544743338888249,7.1022739089342295,1.9624771344225422,1.2253355055907704,2.6746761236735956,2.6622527708442103,9.383009856181125,4.356467192411641,11.60715975777962,4.1160691208401,0.865271456500496,8.746194873858087,3.51808634466029,0.8439929364671013,2.6746761236735956,1.724384110482866,9.412967314947242,8.046511920069065,10.375133550486662,1.7683034747395752
cs1-3cou_transp_12.mid,8.381536646717443,8.322074975697848,8.381536646717443,8.381536646717443,8.381536646717443,8.381536646717443,8.381536646717443,8.381536646717443,8.381536646717443,8.381536646717443,8.357372871935755,0.0,8.381536646717443,7.031529333414721,5.777864367691169,8.381536646717443,8.381536646717443,3.1237519368511313,17.79079307170695,6.692639539728242,8.300578592573377,3.466944048424267,8.381536646717443,6.305967095416229,7.927868950756508,8.381536646717443,6.153426969023675,4.509911709990677,4.98985231449474,6.6903511122979324,8.376239451302059,0.9505653634226778,8.381536646717443,8.047685439728593,7.820914550208412,8.381536646717443,6.447820293898502,3.434648916730839,2.6887687617850933,6.693085015230071,8.326266330570672,1.387827189289025,8.381536646717443,7.920740698348462,7.906687176807825,8.381536646717443,6.910226204503349,3.150837574263625,4.115821776930787,6.691735748895958,8.381536646717443,1.1348108238369061,8.381536646717443,7.926079102461992,7.927868950756494,8.381536646717443,6.468215928931494,4.320880795330433,4.115821776930787,6.6903511122979324,8.338291491325805,1.1348108238369061,8.381536646717443,7.998494840317969,7.906687176807818,8.381536646717443,6.910226204503349,4.8701736465793495,5.981163646793565,6.690818412007978,8.381536646717443,1.1486181442510786,8.381536646717443,7.926079102461996,7.927868950756501,8.381536646717443,6.459885516372397,4.188355924909459,4.311187177050066,6.689402826249886,8.295688155337743,3.46694404842426,8.381536646717443,7.998494840317969,5.824974271293973,8.381536646717443,6.318335742137881,3.1237519368511313,5.639724431302145,5.923640491889813,8.337094922924802,4.589872744815581,8.381536646717443,8.381536646717443,5.68269674826216,8.381536646717443,5.772212777721407,4.303246921157665,6.451246222124354,6.690818412007978,8.350100706539255,2.2885908330877456,8.381536646717443,7.902922646920986,5.68269674826216,8.381536646717443,6.0129758460118,3.2829713301813594,4.255593064640134,6.692639539728242
cs3-1pre_transp_12.mid,3.0276777293494757,1.3488349372843214,3.667501785944296,3.6950481188328386,2.5112774857315214,3.217977771003124,2.613876650141882,2.039072709347767,1.7765947727049065,2.5118581480572573,2.3955529719578,8.381536646717443,0.0,2.3811757262089586,3.612661594841901,3.3016691137748637,2.25458999201852,9.469184385344587,17.79079307170695,3.2962032624458057,2.679146642170564,8.603538168977948,1.2517075449619641,2.7630463580575686,6.7950612221264794,1.6851741015909285,9.706483657473626,5.5178917223140616,10.876462803964813,6.557472806050409,1.6334283076192717,8.621148983746554,1.2517075449619774,2.1842750386583596,3.5475407524951414,3.3257008876142535,9.47048045243746,9.638579053151346,9.45124447636157,3.983890654720856,2.395552971957814,8.656306474240882,1.1628858474817658,2.603166780672767,6.82578747150985,3.3257008876142606,9.141829682539218,9.38661419030251,10.439447535182836,3.3347727243585474,2.2609869770576587,8.398244898206197,0.904595883553811,2.585757530816677,6.795061222126494,3.277738056689495,9.454161348744815,5.472256046683992,10.439447535182836,3.9928913978018805,2.3472219718653147,8.398244898206201,1.0485220427465478,2.347837350569165,6.825787471509855,3.2301755800262946,9.141829682539221,10.81662347000712,11.372118470114227,3.9913532175105733,1.7520201643694406,8.381536646717443,1.0522124071986205,2.5857575308166627,6.7950612221264866,1.073276628392287,2.6091279371014,5.54054861733697,10.537130235242476,3.9960124351012976,2.517780405831548,8.603538168977948,0.8343945141394338,2.347837350569172,3.5690422180917647,1.6693063341595207,9.938976869994331,9.858605222561767,11.201398862368517,3.833957667801812,2.323222895088941,8.551136954467115,1.1628858474817658,2.1537492737031583,3.700858785039399,1.6693063341595207,10.013271331884741,6.752020164369441,11.60715975777962,6.5116220927979,2.679146642170564,8.746194873858094,2.3010500538420153,2.249081898922679,3.700858785039399,3.3016691137748726,9.706483657473619,9.345022363828711,10.509333179037512,3.2962032624458057
cs3-2all_transp_12.mid,5.10940978930463,2.1881572441024773,5.314577780919759,5.314577780919759,4.593009545686675,5.114314945727148,4.695608710097035,4.2853424845678205,2.541454021915307,4.602869501537871,1.5590011393846055,7.031529333414721,2.3811757262089586,0.0,1.6015965333075362,2.3701759174983295,2.5739819919882283,8.309213208849659,17.79079307170695,1.5614179652320548,1.5767800118047557,6.877364442370174,2.3811757262089586,0.7255622379984921,4.413885495917521,3.0534950616368777,8.783811753107738,3.3931361509432154,10.876462803964813,4.176297079841451,1.8939163255468436,7.510754007472936,2.381175726208964,1.0717567092582847,1.5893663610352116,2.7244971835820975,8.311805343035406,8.648002544463175,8.273333390883622,1.6027149285118973,1.5590011393845913,7.581068988461595,2.3811757262089586,0.8892113649337414,4.444611745300891,2.9243563460069932,7.654503803238921,8.144072818765505,10.249739508526158,1.6095913164306577,1.9807061331763034,7.06494583639223,2.635652055624605,0.8945497690472717,4.413885495917535,2.3773463120213822,8.279167135650113,4.327341757948931,10.249739508526158,1.682921632016285,1.594472659293034,7.064945836392223,2.629155561839518,0.9669655069032483,4.444611745300897,2.98481175024245,7.654503803238924,10.81662347000712,11.372118470114227,1.6582367538742737,1.9636351793970785,7.031529333414721,2.629155561839518,0.8945497690472752,4.413885495917528,2.887712301667902,1.5244663582526847,3.647316689679034,10.445104908645437,1.6901077436481255,1.7560095784470064,6.877364442370178,2.381175726208964,0.9669655069032483,1.593401248582822,2.994129117296957,9.248798178149148,9.088054883284016,11.201398862368517,1.6737696431837659,1.6120796768978956,6.473118347094712,2.3811757262089586,1.8544910674302884,1.3488325851525609,2.994129117296951,9.397387101929969,4.370844438160482,11.60715975777962,4.1304463665889415,1.6293983967620402,7.760845787696006,3.2916861128822115,1.0144518691713138,1.6182071139593348,2.9395659258855122,8.783811753107724,8.060889165817908,10.389510796235506,1.5614179652320548
cs3-3cou_transp_12.mid,5.930320715236229,3.41964311273542,5.930320715236229,5.930320715236229,5.773370457703795,5.930320715236229,5.351105740255051,5.516828353200763,3.7729398905482494,5.8343553701708135,2.579508504244586,5.777864367691169,3.612661594841901,1.6015965333075362,0.0,3.3948033072358426,3.8276469577117798,7.0777273402167165,17.79079307170695,1.349362909669832,2.5227142248822076,6.221867412212163,3.612661594841901,1.0787939722148412,3.1823996272845783,4.284980930269819,7.552325884474795,3.83321431180922,9.892284177457167,2.944811211208508,3.1254021941797863,6.257089041749385,3.6126615948419065,2.3032425778912273,2.043050182517243,3.8938964285055127,7.080319474402463,7.416516675830232,7.041847522250679,1.6913540421371032,2.5484019628795043,6.327404022738044,3.612661594841901,2.142876330657293,3.2131258766679487,3.579853376165005,6.423017934605978,6.912586950132562,9.372084321255166,2.219063332355624,3.212192001809246,5.8112808706686785,3.6126615948419154,2.148214734770823,3.1823996272845925,3.4095484255410797,7.04768126701717,4.115286702386708,9.372084321255194,1.8144044428988426,2.5604271236346356,5.811280870668671,3.8606414304724606,2.2206304726268,3.213125876667954,3.6403087804004617,6.423017934605982,9.772605509541776,10.883595509755992,2.26770876979924,3.195121048030021,5.777864367691169,3.8606414304724606,2.1482147347708267,3.1823996272845854,4.1191981703008445,1.952187182095635,3.8524877848758052,9.213619040012492,1.7293975882551091,2.5178237876465737,6.221867412212166,3.6126615948419065,2.2206304726268,0.6729431888293966,4.2256149859299,8.017312309516203,7.856569014651074,10.542156294264572,1.4617145876215432,2.5592305552336345,5.241632478461769,3.612661594841901,3.085976936063231,1.0342527231787457,4.225614985929893,8.165901233297024,4.115286702386708,11.35367808508678,2.898960497955999,2.572236338848086,6.5071808219724545,4.545351078605762,2.2459377378042564,0.6753363666648484,3.595062956043524,7.552325884474781,6.829403297184966,9.652070389254842,1.349362909669832
cs3-5bou_transp_12.mid,5.7748244747027115,3.1086506316683824,5.7748244747027115,5.7748244747027115,5.462377976636757,5.7748244747027115,4.115572564022576,5.205835872133726,3.461947409481212,5.523362889103776,2.5799747161258795,8.381536646717443,3.3016691137748637,2.3701759174983295,3.3948033072358426,0.0,2.2760555121700765,7.388719821283754,17.79079307170695,2.826607897035606,2.802736816667836,8.603538168977941,3.3016691137748637,2.866700579510783,3.4933921083516157,3.973988449202783,7.863318365541833,5.030783247395187,10.203276658524207,3.926402601360704,2.814409713112749,8.62114898374655,3.301669113774869,2.119049690115798,2.9553303034983465,3.582903947438475,7.391311955469501,7.72750915689727,7.352840003317716,3.0130404741738337,2.821659444926282,8.656306474240882,3.3016691137748637,2.4034149833849323,3.524118357734986,1.823525359723627,6.734010415673016,7.2235794311995996,10.178646623499443,3.3484728443320533,2.9011995207422085,8.398244898206197,3.301669113774878,2.3915836419058785,3.49339210835163,1.1556966061283989,7.3586737480842075,5.2306422307216245,10.178646623499457,3.0942746555930993,2.78390088079039,8.398244898206194,3.549648949405423,2.2300046182405753,3.5241183577349915,0.7354195203123215,6.734010415673019,10.083597990608816,11.194587990823031,3.3579508819544364,2.8841285669629837,8.381536646717443,3.549648949405423,2.3915836419058785,3.493392108351623,3.808205689233807,2.7127821585546146,5.064713198443588,9.524611521079532,3.122276340154621,2.91714278585492,8.603538168977941,3.301669113774869,2.1593428577876628,3.3476934036330386,3.9146225048628622,8.328304790583243,8.167561495718111,10.853148775331611,3.6820650621499293,2.765151042895126,5.552624959528806,3.3016691137748637,2.7749844549961935,3.489970926664852,3.914622504862856,8.476893714364063,5.26722761976313,11.60715975777962,3.910869712051217,2.7467032519481185,8.746194873858087,3.301669113774869,2.1629998037093676,3.489970926664852,1.8155958357304147,7.863318365541819,7.140395778252003,10.31863965749928,2.7643788803954594
cs3-6gig_transp_12.mid,5.015289383976377,2.0615715099120386,5.117795745128728,5.25128491382454,4.498889140358422,4.920475208668686,4.6014883047687825,4.026684363974669,2.1478899503332443,4.499469802684159,1.5882461620080068,8.381536646717443,2.25458999201852,2.5739819919882283,3.8276469577117798,2.2760555121700765,0.0,8.435798943040098,17.79079307170695,3.070433753706647,1.5694616178336886,6.9714848476984415,2.25458999201852,3.2995442299867204,4.807449567499583,2.659930990054815,8.910397487298177,5.2531615834442125,10.876462803964813,4.302882814031889,1.7913979517798442,8.62114898374655,1.9876116546269014,1.5578258856743545,1.9421587432264769,2.6303767782538445,8.438391077225845,8.774588278653614,8.39991912507406,3.0,1.5278006118413519,8.656306474240882,1.987611654626896,1.701627724089743,4.57119747949133,2.8302359406787403,7.781089537429359,8.454453237399996,10.376325242716597,3.0,1.5871420615942409,8.398244898206197,2.541531650296352,1.6877335253850383,4.807449567499598,2.2832259066931293,8.405752869840551,5.379211310352197,10.376325242716597,2.9151602131050165,1.5003522539647811,8.398244898206194,2.5025698276490793,1.60701648508498,4.571197479491335,2.890691344914197,7.781089537429363,10.81662347000712,11.372118470114227,2.914692913394971,1.570071107815016,8.381536646717443,2.5025698276490793,1.6877335253850312,4.540471230107967,2.4941482300858393,3.145625809030552,5.454859168143779,10.537130235242476,3.0,1.6830421910961455,6.971484847698431,2.25458999201852,1.60701648508498,3.780537054108976,2.6005650457148946,9.375383912339586,9.214640617474455,11.201398862368517,3.681870833513136,1.5321519913964945,6.866682418676774,1.987611654626896,1.4609269958482258,3.922814577140789,2.6005650457148883,9.523972836120407,5.4283807414159035,11.60715975777962,4.25703210077938,1.5352779914337873,8.746194873858087,3.1471557092053963,1.734819761435002,3.922814577140789,2.8454455205572593,9.177375824689786,8.187474900008347,10.509333179037512,3.070433753706645
bwv807b_transp_12.mid,9.469184385344587,9.469184385344587,9.469184385344587,9.469184385344587,9.469184385344587,9.469184385344587,9.469184385344587,9.469184385344587,9.469184385344587,9.469184385344587,8.294835963100816,3.1237519368511313,9.469184385344587,8.309213208849659,7.0777273402167165,7.388719821283754,8.435798943040098,0.0,16.64321737272472,7.394185672612812,8.319057192315157,3.1554381005346404,9.469184385344587,8.156521312431558,5.228491130036536,9.469184385344587,4.054719948484534,5.172497212744556,2.9631406760473045,4.132916129008208,9.469184385344587,3.586511056050689,9.469184385344587,8.506113896400258,7.142848182563476,7.364688047444364,4.4153282353809615,1.6492792371996288,1.8286105252043798,6.706498280337762,8.294835963100802,3.656826037039348,9.469184385344587,8.087222154385849,4.799400794815352,7.364688047444357,4.500720155173122,4.285860746233096,6.293597774283969,7.35561621070007,8.938368770689177,3.1407028849699827,9.469184385344587,8.104631404241939,5.228491130036522,7.4126508783691225,4.064103286009347,5.218132888374626,6.293597774283997,6.697497537256737,8.343166963193301,3.195017461093032,9.469184385344587,8.342551584489453,4.7994007948153445,7.460213355032323,4.500720155173115,4.36866513189541,3.9002256873158707,6.699035717548044,8.938368770689177,3.198210592842597,9.469184385344587,8.104631404241953,5.228491130036529,9.469184385344587,8.30704102651519,5.149840317721647,6.343922693175541,6.69437649995732,8.17260852922707,3.143380865240969,9.469184385344587,8.342551584489446,7.121346716966853,9.469184385344587,4.320936089235795,1.181017727600409,3.65656995788288,6.856431267256806,8.367166039969675,2.8129861078324225,9.469184385344587,9.206824810669016,6.989530150019219,9.469184385344587,4.265306930045369,3.938368770689177,4.275950744870066,4.178766842260718,8.390778028082217,3.8366028362737588,9.469184385344587,8.441307036135939,6.989530150019219,7.388719821283745,5.008783333522887,1.0576552947856737,6.573583842283645,7.394185672612812
